0.829926013947	0	0.540172477296
1.68270206451	1	0.388619424964
2.52642703056	2	0.303579031429
3.37590193748	3	0.245885831799
4.23424696922	4	0.202675004253
5.07618713379	5	0.169500960788
5.92270994186	6	0.143565617185
6.77422595024	7	0.123317167074
7.61612892151	8	0.105657025964
8.46327400208	9	0.0920132558426
9.32146501541	10	0.0810036623009
10.1721489429	11	0.07195046011
11.0102519989	12	0.06468756382
11.8617539406	13	0.0577192778097
12.7143111229	14	0.0520337896195
13.5581400394	15	0.0471675846341
14.4127819538	16	0.0431781751036
15.2640209198	17	0.0394728905536
16.1060059071	18	0.0363672025853
16.9555470943	19	0.0336318278401
17.8051650524	20	0.031393203847
18.6539049149	21	0.0292434374077
19.5072960854	22	0.0273633932348
20.3582229614	23	0.0255421939093
21.2096159458	24	0.0239679937893
22.05123806	25	0.0224030748833
22.9028398991	26	0.02105634901
23.7539010048	27	0.0198252846664
24.6049489975	28	0.0187987307759
25.4519119263	29	0.0178755711705
26.3030641079	30	0.0169888519436
27.1503250599	31	0.0161750138289
27.99913311	32	0.0154205831991
28.8487920761	33	0.0147676440844
29.7067120075	34	0.0141618344291
30.5460970402	35	0.013596881219
31.392416954	36	0.0130564273053
32.244713068	37	0.01254662038
33.0888221264	38	0.0120582116836
33.9435269833	39	0.0115958830016
34.7946059704	40	0.0111853567825
35.6370921135	41	0.0108050009987
36.4832110405	42	0.0104247512229
37.3350679874	43	0.0100413534332
38.1870241165	44	0.00972294936065
39.0361258984	45	0.00942493365053
39.886038065	46	0.00912977243218
40.7368309498	47	0.00885455418343
41.5770769119	48	0.00857958191056
42.429443121	49	0.00833879829949
43.2824699879	50	0.00811389979461
44.1331439018	51	0.00781092864871
44.9803869724	52	0.0076685692889
45.8306860924	53	0.00744558573266
46.6795780659	54	0.00725324123093
47.5361571312	55	0.00707544204656
48.3888061047	56	0.00688002854932
49.2480580807	57	0.00669737674401
50.0868151188	58	0.00652135235484
50.9379959106	59	0.00637625549148
51.7898340225	60	0.00623163707032
52.6339569092	61	0.00608080834235
53.4829759598	62	0.00594193843498
54.3416259289	63	0.00580744850122
55.1873800755	64	0.00568932961265
56.0359721184	65	0.005557362955
56.8888800144	66	0.00543413396062
57.7407870293	67	0.00534471149631
58.5813379288	68	0.00522624555288
59.436727047	69	0.00511234999226
60.2883329391	70	0.00502571247182
61.130302906	71	0.0049151402073
61.9794309139	72	0.0048433650705
62.8313639164	73	0.00474542460057
63.6732749939	74	0.00464796154221
64.5260839462	75	0.00458567751857
65.3762710094	76	0.00449437349831
66.2269349098	77	0.00440926755868
67.0676300526	78	0.00434506253565
67.9187340736	79	0.0042562861729
68.7700169086	80	0.00420422030219
69.6205029488	81	0.00412221606164
70.4687979221	82	0.0040575123271
71.3201730251	83	0.00397862490973
72.1651170254	84	0.0039130206181
73.0143010616	85	0.00386452605829
73.8657419682	86	0.00379466358734
74.7231080532	87	0.00373994987928
75.5697300434	88	0.00368905748024
76.4215390682	89	0.00363287609489
77.2738139629	90	0.0035712943382
78.113560915	91	0.00353930703901
78.9721701145	92	0.0034782915812
79.8224439621	93	0.00342736685527
80.6641390324	94	0.00338381338924
81.5117619038	95	0.00333618640077
82.3646700382	96	0.00329721110248
83.2083649635	97	0.00325400613511
84.0617139339	98	0.00319880100746
84.9132900238	99	0.00317061066172
85.7630040646	100	0.00311700754078
86.6031799316	101	0.00309415695981
87.4560170174	102	0.00304105430384
88.3093481064	103	0.00300403793913
89.1590359211	104	0.00297264314722
90.0067760944	105	0.00293595570293
90.8583080769	106	0.00289141698364
91.7028479576	107	0.00287172226011
92.5500240326	108	0.00282540602843
93.403482914	109	0.00280125057642
94.2639479637	110	0.00276355140703
95.1032569408	111	0.00273640649659
95.9552531242	112	0.00270553628244
96.8081219196	113	0.00267715925067
97.6515579224	114	0.00264792731208
98.5010690689	115	0.00262024852143
99.3613960743	116	0.00258649202323
100.203793049	117	0.00256629419815
101.051682949	118	0.00253498175986
101.903161049	119	0.00251034726589
102.751943111	120	0.00248410234941
103.598057032	121	0.00245865778033
104.457781076	122	0.00242401548908
105.309263945	123	0.00240849062044
106.14812398	124	0.00237481344518
107.002769947	125	0.00236420134328
107.862996101	126	0.00233031268572
108.70510602	127	0.00231236098812
109.560677052	128	0.0022879216931
110.412251949	129	0.00226799273207
111.257277966	130	0.00224716372507
112.107150078	131	0.00222450795464
112.958909035	132	0.00220817393119
113.809297085	133	0.00218456670799
114.656683922	134	0.00216422265471
115.504020929	135	0.00214539355451
116.354522943	136	0.00212814928544
117.199409962	137	0.00210663564155
118.047693968	138	0.00209165381208
118.898149967	139	0.00207013425835
119.752697945	140	0.0020541553116
120.597603083	141	0.00203433852644
121.449256897	142	0.00202046709072
122.302083969	143	0.00199981198072
123.141660929	144	0.00198445808597
123.991472006	145	0.00196486447871
124.850239992	146	0.0019500503172
125.692171097	147	0.00192929873267
126.540782928	148	0.00191558599415
127.393678904	149	0.00189770228048
128.237296104	150	0.00188554978421
129.092880011	151	0.00186729216561
129.943166018	152	0.00185486719822
130.791094065	153	0.00183739056314
131.639220953	154	0.00182559014701
132.492219925	155	0.00180771304574
133.344811916	156	0.00179585110414
134.190385103	157	0.00177742138257
135.040724993	158	0.00176578533783
135.890842915	159	0.00174877791267
136.734273911	160	0.00173867418131
137.582322121	161	0.00172240679723
138.434916973	162	0.00171298360695
139.288829088	163	0.00169700781108
140.136019945	164	0.00168803415104
140.986949921	165	0.00167237314454
141.83891201	166	0.00166379395902
142.679418087	167	0.00164844648916
143.531836987	168	0.00164020127173
144.391871929	169	0.00162519737527
145.236541986	170	0.00161723541877
146.084820032	171	0.00160259179734
146.939826012	172	0.00159486441159
147.782572985	173	0.00158058828683
148.628798008	174	0.00157304676759
149.488796949	175	0.00155912915349
150.341259003	176	0.00155172466317
151.181044102	177	0.00153814657991
152.034590006	178	0.00153084308806
152.886619091	179	0.00151760973749
153.728091955	180	0.00151042817492
154.582655907	181	0.00149758943504
155.432616949	182	0.00149055696631
156.274019957	183	0.00147812075781
157.124610901	184	0.00147121529946
157.976680994	185	0.00145915737156
158.824189901	186	0.00145235879898
159.677128077	187	0.00144068111734
160.527853966	188	0.00143400205519
161.379153013	189	0.00142271526678
162.220227003	190	0.00141614925503
163.074316025	191	0.00140523524203
163.925241947	192	0.00139875729697
164.776432037	193	0.00138819034846
165.624032021	194	0.00138177095068
166.476320028	195	0.00137151475623
167.336129904	196	0.00136509959001
168.180162907	197	0.00135508476638
169.030771971	198	0.00134866563936
169.888581991	199	0.00133900604497
170.72738409	200	0.00133270352537
171.575789928	201	0.00132341227038
172.428714037	202	0.00131717789792
173.27178812	203	0.00130820108075
174.125998974	204	0.00130199443392
174.976216078	205	0.00129330483122
175.817178011	206	0.00128713160646
176.66257596	207	0.00127877668925
177.514308929	208	0.00127271568195
178.366085052	209	0.00126471991637
179.212404013	210	0.00125870763707
180.062915087	211	0.00125096378881
180.914530993	212	0.00124494256081
181.757817984	213	0.00123743273075
182.607511997	214	0.00123140752378
183.459719896	215	0.00122411981039
184.310621977	216	0.00121807427731
185.159080982	217	0.0012109571466
186.009609938	218	0.00120483634066
186.858720064	219	0.00119785679584
187.704360962	220	0.00119177947532
188.55713892	221	0.00118509964128
189.415718079	222	0.00117913437787
190.253945112	223	0.00117269993414
191.104023933	224	0.00116682058247
191.955986023	225	0.00116059568946
192.798192978	226	0.00115479220043
193.64718008	227	0.00114874547921
194.506421089	228	0.00114301411193
195.348634958	229	0.00113712222125
196.193938971	230	0.00113146411156
197.047215939	231	0.00112570897725
197.899143934	232	0.00112012612475
198.738081932	233	0.00111449214534
199.596834898	234	0.00110898459026
200.448694944	235	0.00110345655102
201.29042697	236	0.00109802052742
202.140058041	237	0.00109258162254
202.992479086	238	0.00108720625145
203.834346056	239	0.00108183354005
204.690169096	240	0.00107650959506
205.539393902	241	0.00107121377162
206.387128115	242	0.00106598308756
207.235728025	243	0.00106080423096
208.088350058	244	0.00105569193905
208.939374924	245	0.00105063380547
209.785838127	246	0.00104563488477
210.636609077	247	0.00104068689291
211.488075972	248	0.00103579158077
212.331494093	249	0.00103094405218
213.179554939	250	0.00102614473813
214.02985692	251	0.00102139075626
214.882371902	252	0.00101668190088
215.729918003	253	0.00101201634155
216.582412004	254	0.0010073935359
217.434858084	255	0.00100281216317
218.274284124	256	0.000998271495329
219.124212027	257	0.000993770434511
219.982734919	258	0.000989308133933
220.824139118	259	0.000984883560819
221.671917915	260	0.000980495767495
222.524378061	261	0.000976143704496
223.367906094	262	0.000971826352137
224.2193501	263	0.0009675426809
225.06955409	264	0.000963291779248
225.918071985	265	0.000959072950043
226.760311127	266	0.000954885893299
227.621505022	267	0.000950730832462
228.472609043	268	0.000946608536693
229.323343039	269	0.000942520131633
230.169929028	270	0.000938466759946
231.020771027	271	0.000934449240779
231.863807917	272	0.000930467891085
232.712619066	273	0.000926522539316
233.564532995	274	0.000922612663083
234.421085119	275	0.00091873755765
235.26840806	276	0.000914896478438
236.119170904	277	0.000911088737309
236.97259903	278	0.00090731375486
237.81105113	279	0.000903571077766
238.65969491	280	0.000899860370744
239.518413067	281	0.000896181391023
240.359924078	282	0.00089253395222
241.206250906	283	0.000888917884045
242.059103012	284	0.000885332994012
242.901360989	285	0.000881779036415
243.746134043	286	0.000878255692027
244.60415411	287	0.000874762559584
245.453824043	288	0.000871299157636
246.291145086	289	0.000867864933665
247.14385891	290	0.000864459276569
247.995127916	291	0.000861081528886
248.832514048	292	0.000857730995963
249.690809965	293	0.00085440695032
250.540920973	294	0.000851108630483
251.382261038	295	0.000847835234373
252.231938124	296	0.00084458590832
253.084717035	297	0.000841359734108
253.929691076	298	0.000838155718985
254.785948038	299	0.000834972797649
255.636173964	300	0.00083180986029
256.488002062	301	0.000828665822802
257.327955008	302	0.000825539745912
258.175729036	303	0.000822430986798
259.026091099	304	0.000819339357178
259.8761549	305	0.000816265290676
260.723572969	306	0.000813209987395
261.576299906	307	0.000810175336117
262.418850899	308	0.000807163461214
263.26437211	309	0.000804176128337
264.11431694	310	0.000801214382733
264.974963903	311	0.000798278522666
265.812398911	312	0.000795368272352
266.662935972	313	0.000792482998271
267.515254974	314	0.000789621886602
268.353127956	315	0.0007867840612
269.203747988	316	0.000783968650034
270.060858011	317	0.000781174815129
270.902996063	318	0.000778401759338
271.750723124	319	0.00077564871929
272.60334301	320	0.000772914950265
273.446727991	321	0.000770199706023
274.299845934	322	0.000767502214956
275.149331093	323	0.000764821652981
275.998625994	324	0.000762157113484
276.837502003	325	0.000759507575633
277.689924955	326	0.000756871875215
278.542009115	327	0.000754248688402
279.392673969	328	0.000751636550652
280.23891902	329	0.000749033952103
281.089646101	330	0.00074643957326
281.931968927	331	0.000743852727793
282.779873133	332	0.000741274004068
283.63270402	333	0.000738705870603
284.489411116	334	0.000736152700466
285.331803083	335	0.000733619697479
286.181896925	336	0.000731111005238
287.035767078	337	0.000728628215636
287.883044004	338	0.000726170200922
288.738368034	339	0.000723733909896
289.598833084	340	0.000721315126222
290.441314936	341	0.000718908513225
291.289060116	342	0.000716506643638
292.142364025	343	0.000714097721916
292.990183115	344	0.000711662485166
293.833878994	345	0.000709178676005
294.691908121	346	0.000706663127115
295.543556929	347	0.00070420877687
296.381439924	348	0.000701852015028
297.232362986	349	0.000699551593334
298.084871054	350	0.000697283137211
298.928028107	351	0.000695038489745
299.784100056	352	0.000692814365421
300.635772943	353	0.000690608878238
301.480616093	354	0.000688420659043
302.329191923	355	0.000686248621491
303.183109045	356	0.000684091884461
304.035142899	357	0.000681949730991
304.882542133	358	0.000679821576506
305.734458923	359	0.000677706941439
306.587549925	360	0.000675605427906
307.432280064	361	0.000673516700493
308.281987906	362	0.000671440470874
309.134640932	363	0.000669376485711
309.985178947	364	0.000667324517186
310.829802036	365	0.000665284355526
311.683233976	366	0.000663255802925
312.536456108	367	0.000661238668367
313.377855062	368	0.000659232762928
314.23012805	369	0.000657237895227
315.090945959	370	0.000655253866955
315.932462931	371	0.000653280468995
316.780467987	372	0.000651317480424
317.634233952	373	0.000649364678281
318.478394985	374	0.000647421884312
319.328608036	375	0.000645489141175
320.188545942	376	0.000643567381922
321.040498018	377	0.000641661283637
321.88086009	378	0.00063979432486
322.733901024	379	0.000638118398021
323.588406086	380	0.000637714202765
324.439939976	381	0.000633584134063
325.289478064	382	0.000633621964313
326.141444921	383	0.000627490920275
326.986565113	384	0.0006278347123
327.834300041	385	0.000627052715301
328.686989069	386	0.000622169061199
329.546842098	387	0.000624175920027
330.389008999	388	0.000617749251168
331.240864038	389	0.00061802437903
332.093789101	390	0.000619449502368
332.933922052	391	0.000612259133472
333.784895897	392	0.00061214533578
334.644243956	393	0.000613873155034
335.487396002	394	0.000607723654538
336.334168911	395	0.000608736760871
337.188636065	396	0.000606179876726
338.033895969	397	0.000605056382149
338.881391048	398	0.000601194404321
339.742712021	399	0.000604018037617
340.593951941	400	0.000596054909438
341.434648037	401	0.00059609885366
342.285284042	402	0.000596803061986
343.140486956	403	0.000595830617477
343.982970953	404	0.00059112056162
344.840034962	405	0.000594573587087
345.693928957	406	0.000586337143524
346.537982941	407	0.000586378305714
347.397119045	408	0.000587457598577
348.25050211	409	0.000584876755992
349.104551077	410	0.000583775497741
349.951533079	411	0.000579886965177
350.803123951	412	0.000583291425548
351.657516003	413	0.000574857739359
352.501205921	414	0.000575092112557
353.351947069	415	0.000577049946251
354.202697992	416	0.000572162231368
355.057415962	417	0.00057604093976
355.904012918	418	0.000567467651978
356.754858971	419	0.000567673928242
357.609573126	420	0.000570414703336
358.450212955	421	0.000563814636523
359.300527096	422	0.00056534342957
360.160190105	423	0.000562888997957
361.003442049	424	0.00056230390009
361.853604078	425	0.000558004675164
362.706901073	426	0.000562421933694
363.551939964	427	0.000553607876547
364.397481918	428	0.000554238690005
365.257188082	429	0.000558424514001
366.108261108	430	0.000549680878332
366.948367119	431	0.000550295873097
367.801332951	432	0.000554235223744
368.654298067	433	0.000545443688753
369.506490946	434	0.000546213226716
370.35444212	435	0.000549635815519
371.207227945	436	0.000541198189107
372.052273035	437	0.000542199721428
372.89803195	438	0.000544648377298
373.751593113	439	0.000537078616864
374.610816956	440	0.000538522967516
375.450483084	441	0.000538586007785
376.301223993	442	0.000533576995578
377.155796051	443	0.00053820689595
377.998981953	444	0.00052999772406
378.847603083	445	0.000531941780901
379.709846973	446	0.000530237832216
380.552813053	447	0.000528777065314
381.402904034	448	0.0005270569251
382.257072926	449	0.000526260794743
383.108848095	450	0.000523443309778
383.952830076	451	0.000526102104588
384.812109947	452	0.000519150055061
385.66554904	453	0.000522570812189
386.50879693	454	0.000517409425551
387.359836102	455	0.000522405301002
388.212620974	456	0.000514296775265
389.055625916	457	0.000518419378073
389.911798954	458	0.000511983055878
390.763308048	459	0.000516118551048
391.614686012	460	0.000509546123355
392.462137938	461	0.000513699174704
393.316626072	462	0.000507063421857
394.168283939	463	0.000511295633821
395.020890951	464	0.000504511070054
395.869076014	465	0.000508814208121
396.721760035	466	0.000501877077221
397.566998005	467	0.000506289039078
398.494623899	468	0.000499181963204
399.346750975	469	0.000503833588292
400.206366062	470	0.000496610170756
401.05016613	471	0.000501606401131
401.899568081	472	0.000494209995587
402.753464937	473	0.000499468874093
403.599545956	474	0.000491945253657
404.445966959	475	0.000496930061042
405.306401014	476	0.000489610910934
406.156677008	477	0.000494091136134
406.998274088	478	0.000487117951462
407.859739065	479	0.000491913401889
408.712878942	480	0.000485043048355
409.565333128	481	0.000488946139802
410.413048983	482	0.000482492708364
411.266165972	483	0.000487433645328
412.110527039	484	0.000480915541992
412.959202051	485	0.000483206786063
413.813273907	486	0.00047796940297
414.67433691	487	0.000483352452085
415.515450954	488	0.000477257621881
416.367312908	489	0.000476844197589
417.22361207	490	0.000474981450462
418.067832947	491	0.000476220800491
418.915621996	492	0.000471912887211
419.774601936	493	0.000476845961865
420.615871906	494	0.000471124910581
421.460560083	495	0.000470107949847
422.312675953	496	0.000469463753209
423.164931059	497	0.000467944186642
424.003111124	498	0.000468230756065
424.861979008	499	0.000465102381168
425.713288069	500	0.00046864049284
426.552155972	501	0.000463075927765
427.404104948	502	0.000465508556422
428.255270958	503	0.000460529236801
429.097988129	504	0.000464725110969
429.954176903	505	0.000459637792972
430.805990934	506	0.00045891753837
431.65705204	507	0.000457825671751
432.504866123	508	0.000457363564742
433.360233068	509	0.000455629239943
434.212206125	510	0.000456396869354
435.060235023	511	0.000452912108859
435.910511971	512	0.00045654067898
436.762593985	513	0.000451699197445
437.607518911	514	0.000451563957444
438.456959963	515	0.000449464258026
439.309562922	516	0.00045102558117
440.164258003	517	0.000446988323795
441.012084007	518	0.000450518437935
441.864159107	519	0.000446036707306
442.716341972	520	0.000445378066301
443.55768609	521	0.000444247468553
444.40588212	522	0.000443903676249
445.267914057	523	0.000442140480176
446.109821081	524	0.000442919833068
446.958307028	525	0.000439710267035
447.81137991	526	0.000442551615043
448.655951977	527	0.00043829988916
449.502578974	528	0.000438816946108
450.36228013	529	0.000436063313073
451.21490097	530	0.000438367825563
452.055545092	531	0.000434367444496
452.909347057	532	0.00043582716336
453.761641979	533	0.000432320986956
454.611382961	534	0.000434697628529
455.460485935	535	0.000430853538205
456.31111598	536	0.000431741516095
457.156450987	537	0.0004287923442
458.002402067	538	0.000430927987007
458.852662086	539	0.000427262851699
459.713767052	540	0.000428261239322
460.55362606	541	0.000425280851902
461.40707612	542	0.000427201836462
462.262017965	543	0.000423713544536
463.107202053	544	0.000424739570802
463.955931902	545	0.000421800124426
464.815318108	546	0.000423476430337
465.660054922	547	0.000420175899483
466.509962082	548	0.000421241949779
467.375833035	549	0.000418331583136
468.229505062	550	0.000419758681035
469.070267916	551	0.000416656221748
469.930969954	552	0.00041772223867
470.784053087	553	0.000414871905033
471.629441023	554	0.000416065189066
472.479170084	555	0.000413164096631
473.333741903	556	0.000414172944029
474.175698042	557	0.000411421203527
475.033234119	558	0.00041241731927
475.884994984	559	0.00040970360203
476.73664403	560	0.000410601632728
477.578243017	561	0.000407985402257
478.431652069	562	0.000408822175694
479.285109997	563	0.000406280832522
480.135553122	564	0.000407045603293
480.984910011	565	0.00040458927825
481.838283062	566	0.000405286566576
482.682457924	567	0.000402914009723
483.534711123	568	0.000403545166843
484.388468027	569	0.00040125950914
485.251020908	570	0.000401829112095
486.091553926	571	0.000399635292138
486.946598053	572	0.000400148856355
487.80172205	573	0.000398050476282
488.647032022	574	0.000398509526685
489.497517109	575	0.000396505095423
490.357530117	576	0.000396906333387
491.20176506	577	0.000394991472902
492.053168058	578	0.000395330412632
492.907781124	579	0.000393501281634
493.762182951	580	0.000393774528724
494.601032972	581	0.00039202883349
495.46252203	582	0.000392234273496
496.314508915	583	0.000390570928619
497.161174059	584	0.00039070730667
498.011471987	585	0.00038912590778
498.863675117	586	0.000389192487743
499.716790915	587	0.000387692908926
500.564973116	588	0.000387689317443
501.419666052	589	0.000386271422651
502.275131941	590	0.000386197638411
503.117242098	591	0.000384861047375
503.971733093	592	0.000384717490431
504.832582951	593	0.000383461356117
505.678879976	594	0.000383249045223
506.52956295	595	0.000382071823884
507.385833025	596	0.000381792574707
508.230822086	597	0.000380691792952
509.080368996	598	0.000380348424244
509.941258907	599	0.000379320470811
510.794713974	600	0.000378916973086
511.637151003	601	0.000377956963879
512.490782976	602	0.000377498573614
513.345441103	603	0.000376600349181
514.188504934	604	0.000376093472083
515.046262026	605	0.000375249775893
515.898983955	606	0.000374701725811
516.742935896	607	0.000373904573109
517.592489958	608	0.000373323140163
518.447015047	609	0.000372564329284
519.3014431	610	0.000371957247326
520.1489501	611	0.000371228913705
521.002449989	612	0.000370603336658
521.857491016	613	0.000369898432878
522.702470064	614	0.000369260529671
523.554636002	615	0.000368573143655
524.408257961	616	0.00036792788165
525.260730028	617	0.000367253363078
526.10780406	618	0.000366604491105
526.961858034	619	0.000365939412241
527.827739	620	0.000365289601783
528.66951704	621	0.000364631606371
529.524395943	622	0.000363982674579
530.385071993	623	0.000363330259441
531.229635954	624	0.000362683385013
532.081417084	625	0.00036203564215
532.937370062	626	0.000361391526893
533.781901121	627	0.000360747917536
534.630369902	628	0.000360106962952
535.493137121	629	0.000359467251307
536.346260071	630	0.000358829814466
537.189584017	631	0.000358194105672
538.044620991	632	0.00035756064604
538.898387909	633	0.000356929271188
539.751219988	634	0.000356300237979
540.600488901	635	0.000355673502267
541.455658913	636	0.000355049164871
542.301460028	637	0.000354427194826
543.152290106	638	0.000353807603973
544.005086899	639	0.000353190348928
544.865695	640	0.00035257539736
545.706442118	641	0.000351962696152
546.559463978	642	0.000351352195934
547.415049076	643	0.000350743842031
548.259404898	644	0.00035013758365
549.109091997	645	0.000349533372129
549.969180107	646	0.000348931164668
550.812192917	647	0.000348330924515
551.661389112	648	0.000347732622451
552.516037941	649	0.000347136236888
553.372138023	650	0.000346541753917
554.211409092	651	0.00034594916661
555.07345891	652	0.000345358474034
555.926676035	653	0.000344769679917
556.771472931	654	0.00034418279122
557.624028921	655	0.000343597816725
558.477934122	656	0.00034301476576
559.322737932	657	0.000342433647137
560.178623915	658	0.000341854468315
561.032485008	659	0.000341277234801
561.886296034	660	0.000340701949757
562.726635933	661	0.000340128613774
563.581629992	662	0.0003395572248
564.434320927	663	0.000338987778175
565.28875494	664	0.000338420266758
566.137298107	665	0.000337854681115
566.991436958	666	0.000337291009755
567.836539984	667	0.000336729239384
568.685769081	668	0.000336169355171
569.540132999	669	0.000335611341005
570.400401115	670	0.000335055179739
571.241725922	671	0.000334500853399
572.096578121	672	0.000333948343378
572.951683044	673	0.000333397630586
573.796236038	674	0.000332848695575
574.645694017	675	0.000332301518632
575.508572102	676	0.000331756079847
576.35570693	677	0.00033121235915
577.207948923	678	0.000330670336341
578.062789917	679	0.000330129991091
578.916426897	680	0.000329591302933
579.756289005	681	0.000329054251254
580.616817951	682	0.000328518815264
581.470874071	683	0.000327984973972
582.31654501	684	0.000327452706155
583.168179989	685	0.000326921990327
584.020844936	686	0.000326392804705
584.877779961	687	0.000325865127182
585.725416899	688	0.000325338935294
586.579284906	689	0.000324814206197
587.445714951	690	0.000324290916637
588.289998055	691	0.000323769042929
589.140975952	692	0.000323248560941
590.001960993	693	0.000322729446078
590.845575094	694	0.000322211673271
591.69720912	695	0.000321695216974
592.55212903	696	0.000321180051172
593.407606125	697	0.000320666149392
594.247338057	698	0.000320153484728
595.109290123	699	0.000319642029888
595.96201992	700	0.00031913175725
596.805969	701	0.000318622638945
597.656913042	702	0.000318114646968
598.511382103	703	0.000317607753315
599.356144905	704	0.00031710193017
600.213495016	705	0.000316597150118
601.067490101	706	0.000316093386426
601.921512127	707	0.000315590613365
602.762473106	708	0.000315088806599
603.617278099	709	0.000314587943638
604.469491005	710	0.000314088004361
605.324486017	711	0.000313588971593
606.16666913	712	0.000313090831759
607.013034105	713	0.000312593575575
607.849239111	714	0.000312097198784
608.691500902	715	0.000311601702899
609.537393093	716	0.000311107095922
610.381047964	717	0.000310613393017
611.220798969	718	0.000310120617063
612.068227053	719	0.000309628799059
612.911037922	720	0.000309137978312
613.751967907	721	0.000308648202369
614.596528053	722	0.000308159526634
615.450184107	723	0.000307672013654
616.282748938	724	0.000307185732056
617.130610943	725	0.000306700755163
617.976805925	726	0.000306217159317
618.809174061	727	0.000305735021995
619.655470133	728	0.000305254419811
620.508821011	729	0.000304775426506
621.346039057	730	0.000304298111056
622.190804958	731	0.000303822535986
623.038870096	732	0.000303348755995
623.875776052	733	0.000302876816951
624.717257977	734	0.00030240675527
625.57179594	735	0.0003019385977
626.407953978	736	0.000301472361453
627.252118111	737	0.000301008054654
628.098688126	738	0.000300545677016
628.945077896	739	0.000300085220696
629.778415918	740	0.000299626671227
630.632174969	741	0.0002991700085
631.478527069	742	0.000298715207718
632.313297987	743	0.0002982622403
633.157056093	744	0.0002978110747
634.002053022	745	0.000297361677142
634.834562063	746	0.000296914012248
635.688098907	747	0.000296468043584
636.534747124	748	0.000296023734123
637.372005939	749	0.000295581046636
638.214615107	750	0.000295139944043
639.059916973	751	0.000294700389719
639.903238058	752	0.000294262347798
640.743901968	753	0.000293825783464
641.589848995	754	0.000293390663274
642.427062035	755	0.000292956955501
643.269237995	756	0.000292524630513
644.11529398	757	0.000292093661197
644.968651056	758	0.000291664023414
645.801656961	759	0.000291235696459
646.647927046	760	0.000290808663531
647.506134033	761	0.000290382912135
648.340672016	762	0.0002899584344
649.183716059	763	0.000289535227251
650.036818981	764	0.000289113292389
650.872683048	765	0.000288692636041
651.715660095	766	0.000288273268467
652.561896086	767	0.000287855203244
653.399188042	768	0.000287438456345
654.240377903	769	0.000287023045106
655.094118118	770	0.000286608987141
655.930258989	771	0.000286196299305
656.771899939	772	0.000285784996771
657.619812965	773	0.000285375092288
658.461522102	774	0.000284966595645
659.301849127	775	0.00028455951336
660.160186052	776	0.00028415384856
661.006890059	777	0.00028374960105
661.840256929	778	0.000283346767511
662.687608957	779	0.000282945341795
663.535174131	780	0.000282545315285
664.368477106	781	0.000282146677278
665.221031904	782	0.000281749415373
666.067323923	783	0.000281353515839
666.905333042	784	0.000280958963959
667.749022961	785	0.000280565744328
668.595426083	786	0.000280173841122
669.43204999	787	0.000279783238316
670.280914068	788	0.000279393919874
671.126141071	789	0.000279005869892
671.963419914	790	0.000278619072717
672.805153131	791	0.000278233513038
673.652234077	792	0.000277849175947
674.49419713	793	0.000277466046991
675.340387106	794	0.000277084112194
676.185763121	795	0.00027670335808
677.032611132	796	0.000276323771671
677.864988089	797	0.000275945340492
678.711338043	798	0.000275568052554
679.557011127	799	0.000275191896346
680.40148592	800	0.000274816860815
681.243540049	801	0.000274442935346
682.091133118	802	0.000274070109741
682.927743912	803	0.000273698374202
683.770139933	804	0.0002733277193
684.615967035	805	0.00027295813596
685.460400105	806	0.000272589615439
686.301265001	807	0.000272222149301
687.148723125	808	0.000271855729401
687.988986969	809	0.000271490347866
688.830514908	810	0.000271125997074
689.676750898	811	0.000270762669638
690.531542063	812	0.000270400358392
691.365880966	813	0.000270039056373
692.213400126	814	0.000269678756808
693.060781956	815	0.000269319453101
693.892937899	816	0.000268961138818
694.734699965	817	0.000268603807678
695.589102983	818	0.000268247453541
696.424669027	819	0.000267892070395
697.268757105	820	0.00026753765235
698.116117001	821	0.000267184193625
698.95314312	822	0.000266831688541
699.795597076	823	0.000266480131511
700.649142981	824	0.000266129517033
701.486304045	825	0.000265779839679
702.330610037	826	0.00026543109409
703.179400921	827	0.000265083274967
704.019688129	828	0.000264736377061
704.858612061	829	0.000264390395168
705.713964939	830	0.00026404532412
706.5601089	831	0.000263701158774
707.405405998	832	0.000263357894007
708.250636101	833	0.000263015524703
709.097235918	834	0.000262674045745
709.929904938	835	0.000262333452007
710.782172918	836	0.000261993738336
711.630154133	837	0.000261654899545
712.467679024	838	0.000261316930395
713.312266111	839	0.000260979825581
714.157098055	840	0.000260643579717
714.994100094	841	0.000260308187308
715.840692043	842	0.000259973642735
716.686479092	843	0.000259639940221
717.52759409	844	0.000259307073806
718.369513035	845	0.000258975037307
719.215634108	846	0.000258643824274
720.069000959	847	0.000258313427942
720.90114212	848	0.000257983841166
721.746402025	849	0.000257655056354
722.591536045	850	0.00025732706537
723.426053047	851	0.000256999859435
724.267693996	852	0.000256673428988
725.121077061	853	0.000256347763526
725.955811977	854	0.000256022851403
726.797007084	855	0.00025569867957
727.644171	856	0.000255375233261
728.481609106	857	0.000255052495577
729.325120926	858	0.000254730446962
730.178421974	859	0.000254409064519
731.015873909	860	0.000254088321108
731.858989	861	0.000253768184156
732.706238985	862	0.000253448614051
733.548542023	863	0.000253129561974
734.391026974	864	0.000252810966899
735.244597912	865	0.000252492751424
736.091027021	866	0.000252174815882
736.925571918	867	0.000251857029918
737.773772001	868	0.000251539220301
738.620028973	869	0.000251221153154
739.454349995	870	0.000250902507962
740.307677031	871	0.000250582839955
741.15397191	872	0.000250261527609
741.990736961	873	0.000249937706479
742.83366394	874	0.000249610209154
743.680810928	875	0.00024927758794
744.515849113	876	0.000248938427768
745.367418051	877	0.000248592307573
746.211277962	878	0.000248241418827
747.048404932	879	0.000247891137955
747.889336109	880	0.000247547102707
748.735394955	881	0.00024721145045
749.577805042	882	0.000246883145786
750.424325943	883	0.000246560384877
751.269541025	884	0.000246241767991
752.116492987	885	0.000245926393429
752.950166941	886	0.000245613693504
753.796680927	887	0.000245303296515
754.641820908	888	0.000244994944022
755.487659931	889	0.000244688445012
756.329482079	890	0.000244383650629
757.178478003	891	0.000244080439906
758.016043901	892	0.00024377871143
758.85829401	893	0.000243478378246
759.705934048	894	0.000243179364604
760.550314903	895	0.000242881603783
761.393970966	896	0.000242585036551
762.241194963	897	0.000242289610038
763.083463907	898	0.000241995276865
763.925632954	899	0.000241701994453
764.770977974	900	0.000241409724453
765.625104904	901	0.000241118432268
766.457322121	902	0.00024082808664
767.316286087	903	0.000240538659296
768.163156033	904	0.000240250124632
768.9972229	905	0.000239962459438
769.841143131	906	0.00023967564265
770.694313049	907	0.000239389655129
771.531821012	908	0.00023910447947
772.375016928	909	0.000238820099817
773.222923994	910	0.000238536501711
774.058602095	911	0.000238253671949
774.900535107	912	0.000237971598451
775.754692078	913	0.000237690270151
776.591990948	914	0.00023740967689
777.435336113	915	0.000237129809326
778.281652927	916	0.000236850658853
779.129020929	917	0.000236572217521
779.961754084	918	0.000236294477973
780.814508915	919	0.000236017433384
781.661842108	920	0.000235741077408
782.495675087	921	0.000235465404126
783.34343195	922	0.000235190408006
784.188601971	923	0.000234916083863
785.021445036	924	0.000234642426821
785.874713898	925	0.000234369432286
786.720695019	926	0.000234097095913
787.559057951	927	0.000233825413584
788.401924133	928	0.000233554381381
789.248234987	929	0.000233283995571
790.083924055	930	0.000233014252582
790.933655977	931	0.000232745148987
791.779951096	932	0.000232476681491
792.620155096	933	0.000232208846919
793.464909077	934	0.000231941642196
794.310529947	935	0.000231675064346
795.164707899	936	0.000231409110475
795.997313976	937	0.000231143777763
796.842945099	938	0.000230879063461
797.690773964	939	0.000230614964876
798.524410963	940	0.000230351479371
799.368020058	941	0.000230088604356
800.221463919	942	0.000229826337284
801.058356047	943	0.000229564675643
801.900605917	944	0.000229303616957
802.746190071	945	0.00022904315878
803.584285975	946	0.000228783298692
804.425570011	947	0.000228524034294
805.279215097	948	0.00022826536321
806.11559701	949	0.000228007283082
806.956023932	950	0.000227749791568
807.803028107	951	0.00022749288634
808.643161058	952	0.000227236565084
809.485280991	953	0.000226980825494
810.337568045	954	0.000226725665279
811.184350014	955	0.000226471082153
812.016946077	956	0.000226217073841
812.86305809	957	0.000225963638072
813.710869074	958	0.000225710772586
814.542282104	959	0.000225458475125
815.392086983	960	0.00022520674344
816.23646903	961	0.000224955575285
817.073668957	962	0.000224704968422
817.915776968	963	0.000224454920616
818.761413097	964	0.000224205429636
819.598949909	965	0.000223956493258
820.449239016	966	0.000223708109262
821.296092987	967	0.000223460275432
822.134781122	968	0.000223212989557
822.977031946	969	0.000222966249431
823.824603081	970	0.000222720052855
824.665400028	971	0.000222474397631
825.515752077	972	0.000222229281571
826.36216712	973	0.000221984702488
827.221693039	974	0.000221740658203
828.055702925	975	0.000221497146542
828.897979021	976	0.000221254165338
829.744691133	977	0.000221011712429
830.588372946	978	0.000220769785658
831.431747913	979	0.000220528382878
832.278913975	980	0.000220287501945
833.116647959	981	0.000220047140723
833.958107948	982	0.000219807297084
834.804024935	983	0.000219567968905
835.648780107	984	0.000219329154071
836.49042201	985	0.000219090850474
837.338979006	986	0.000218853056014
838.177458048	987	0.000218615768598
839.020998955	988	0.000218378986141
839.866415024	989	0.000218142706564
840.719352961	990	0.000217906927797
841.552850962	991	0.000217671647777
842.399951935	992	0.000217436864449
843.247551918	993	0.000217202575766
844.080107927	994	0.000216968779688
844.924712896	995	0.000216735474184
845.777373075	996	0.000216502657228
846.613163948	997	0.000216270326805
847.4559021	998	0.000216038480904
848.301954985	999	0.000215807117525
