0.149766921997	0	0.513978973308
0.325069904327	1	0.351612372454
0.487083911896	2	0.270738181115
0.652554988861	3	0.216862890286
0.826154947281	4	0.178200750195
0.996671915054	5	0.147762102729
1.16296482086	6	0.12238140919
1.33382678032	7	0.103459575958
1.4970638752	8	0.0881524820758
1.66283893585	9	0.0759222043413
1.8336379528	10	0.0656003680904
1.99550080299	11	0.0571373665758
2.16052985191	12	0.0501741114617
2.33246183395	13	0.0446715098542
2.4947078228	14	0.0401730462699
2.66075086594	15	0.0360225986879
2.83278894424	16	0.0326490529079
2.99588489532	17	0.030351374914
3.16158699989	18	0.0278960833064
3.33469581604	19	0.0257360045407
3.49718284607	20	0.0239128909729
3.66326284409	21	0.0223502275218
3.83534693718	22	0.0209221472537
3.99730491638	23	0.0195780758508
4.1631360054	24	0.0184362022643
4.33536696434	25	0.0174298696087
4.49754977226	26	0.0165250816544
4.66314482689	27	0.0156801334116
4.83660197258	28	0.0148900681451
4.99911999702	29	0.0142827209305
5.16488194466	30	0.0136322130038
5.33776378632	31	0.0130242008859
5.49996900558	32	0.0124711154382
5.66556382179	33	0.0119627443189
5.83862900734	34	0.0114867843566
6.0085849762	35	0.0110492979348
6.17410898209	36	0.0106414650594
6.34549880028	37	0.0102540099273
6.50841784477	38	0.0098920986026
6.67360091209	39	0.00955167134477
6.84496188164	40	0.0092296654894
7.0074698925	41	0.00892452550078
7.17349481583	42	0.00864056319594
7.34556293488	43	0.00837153669453
7.50755786896	44	0.00811913488938
7.67244291306	45	0.00787678574891
7.84508490562	46	0.00764656060167
8.00714182854	47	0.00741923887278
8.17245984077	48	0.0071978574601
8.34600782394	49	0.00698244425217
8.50797486305	50	0.00679017057333
8.67496800423	51	0.00660798300386
8.8473379612	52	0.00644053584643
9.01050281525	53	0.00627969914091
9.17692494392	54	0.00613046599992
9.34952187538	55	0.005985254919
9.51153278351	56	0.00584903252901
9.67694497108	57	0.00571396904016
9.84922885895	58	0.00559166435378
10.0113689899	59	0.00547028141216
10.1774339676	60	0.00535693286297
10.3498609066	61	0.00524604606133
10.5122509003	62	0.00514174867079
10.6788299084	63	0.0050391691073
10.8509898186	64	0.00494217759361
11.0218908787	65	0.00484684960714
11.1884899139	66	0.00475625243553
11.3599748611	67	0.00466728434857
11.5232877731	68	0.00458226802199
11.6891479492	69	0.00449897121332
11.8601639271	70	0.0044187353714
12.0222659111	71	0.00433792401412
12.188754797	72	0.00424941233581
12.3598389626	73	0.0041791079599
12.5223348141	74	0.00410933651904
12.6882247925	75	0.00404153314713
12.8594679832	76	0.00397601922391
13.0226318836	77	0.00391232272298
13.18927598	78	0.00385008671709
13.3610169888	79	0.00378963805291
13.5231089592	80	0.00373104471648
13.6902229786	81	0.00367412811331
13.8607218266	82	0.00361880032743
14.0229599476	83	0.00356491988389
14.1891138554	84	0.003512412401
14.3595659733	85	0.00346123749087
14.5219569206	86	0.00341136632763
14.6875939369	87	0.00336276525975
14.8588628769	88	0.00331539904062
15.0220379829	89	0.00326920996683
15.1885769367	90	0.00322409313029
15.3600299358	91	0.00317989933962
15.5224449635	92	0.00313646291037
15.6887199879	93	0.00309367885128
15.8607208729	94	0.00305163086163
16.0307879448	95	0.0030105137401
16.1969788074	96	0.00297044084391
16.3676018715	97	0.0029316666226
16.5308067799	98	0.0028942782137
16.69678092	99	0.00285804752868
16.8679089546	100	0.00282278767973
17.03083992	101	0.0027884118423
17.1973688602	102	0.00275488083736
17.368888855	103	0.00272217074058
17.5315988064	104	0.00269025913091
17.697824955	105	0.00265911980907
17.8694658279	106	0.00262872177905
18.0317389965	107	0.00259903035626
18.1977479458	108	0.0025700085521
18.3697869778	109	0.00254161757253
18.5322518349	110	0.00251381724216
18.6988918781	111	0.00248657207137
18.8700499535	112	0.00245986830328
19.033041954	113	0.00243371904943
19.2163028717	114	0.00240812752525
19.3873968124	115	0.00238307038208
19.549672842	116	0.00235852065137
19.7226088047	117	0.00233445780128
19.8926949501	118	0.00231086871241
20.05488801	119	0.00228775232159
20.2296447754	120	0.00226514544161
20.4000418186	121	0.00224320259724
20.5625169277	122	0.00222178966561
20.7397289276	123	0.00219958397094
20.9042458534	124	0.00217821163574
21.074477911	125	0.00215700161127
21.254324913	126	0.00213583984138
21.4175138474	127	0.00211515281857
21.579764843	128	0.00209519699705
21.7585148811	129	0.00207574930156
21.9208958149	130	0.00205669992329
22.0831267834	131	0.00203799655034
22.2616229057	132	0.00201961317688
22.4239559174	133	0.00200153444257
22.5863518715	134	0.0019837513964
22.765160799	135	0.00196625784072
22.9278519154	136	0.00194904786106
23.0908918381	137	0.00193211369486
23.2700510025	138	0.00191544451414
23.4336168766	139	0.00189902599731
23.5965127945	140	0.0018828406335
23.7762048244	141	0.0018668691466
23.9386408329	142	0.00185109427998
24.1007847786	143	0.00183550721866
24.2797729969	144	0.00182011135104
24.4419648647	145	0.00180491576356
24.6041488647	146	0.00178992549734
24.783564806	147	0.00177514311903
24.9457108974	148	0.001760574736
25.1096479893	149	0.00174621866516
25.2875118256	150	0.00173201996284
25.4501259327	151	0.00171771588471
25.6127579212	152	0.00170346824782
25.7877459526	153	0.00168926838821
25.9501218796	154	0.00167559969213
26.1149659157	155	0.00166236453607
26.290063858	156	0.00164942763322
26.4533798695	157	0.00163673889738
26.6156778336	158	0.00162428491458
26.7908689976	159	0.0016120578528
26.9531929493	160	0.00160004796439
27.116658926	161	0.00158824303707
27.2919669151	162	0.00157663039361
27.4546868801	163	0.00156519845608
27.6169109344	164	0.00155393737465
27.7922959328	165	0.00154283896705
27.954859972	166	0.00153189626013
28.1170659065	167	0.00152110276981
28.2924878597	168	0.001510451893
28.4556879997	169	0.00149993710879
28.6181328297	170	0.00148955275754
28.7944188118	171	0.00147929405508
28.9569609165	172	0.00146915632498
29.1202027798	173	0.00145913469703
29.2961499691	174	0.00144922479132
29.4585828781	175	0.00143942408663
29.6211957932	176	0.00142973309326
29.7966339588	177	0.00142015497528
29.9592409134	178	0.00141069333063
30.1218099594	179	0.00140134988902
30.2972199917	180	0.00139212374256
30.4594898224	181	0.00138301182525
30.6219408512	182	0.00137400957096
30.7972857952	183	0.00136511113554
30.9598507881	184	0.00135630906104
31.1238927841	185	0.00134759342885
31.2996869087	186	0.00133895083706
31.4632048607	187	0.00133036533842
31.6254467964	188	0.00132182778796
31.8008618355	189	0.00131335388216
31.9631278515	190	0.00130497853218
32.1253209114	191	0.00129671937456
32.3003528118	192	0.0012885774642
32.4628407955	193	0.00128055509623
32.6253619194	194	0.00127265559133
32.8004078865	195	0.00126487959827
32.962884903	196	0.00125722458292
33.1258909702	197	0.00124968572354
33.3011558056	198	0.00124225700347
33.4646859169	199	0.00123493205094
33.6272017956	200	0.00122770459433
33.8032588959	201	0.00122056858778
33.9654607773	202	0.00121351810799
34.127548933	203	0.00120654707532
34.3028919697	204	0.00119964876794
34.4654099941	205	0.00119281496887
34.6279168129	206	0.00118603431602
34.8033299446	207	0.00117928868993
34.966342926	208	0.00117254412019
35.1291108131	209	0.00116572439595
35.3046338558	210	0.00115863154481
35.467143774	211	0.00115080545975
35.6294949055	212	0.00114222527782
35.8046209812	213	0.00113505040518
35.9668610096	214	0.00112843765144
36.1318278313	215	0.00112185944574
36.3072919846	216	0.00111539696248
36.470749855	217	0.00110910338215
36.6328828335	218	0.00110297215085
36.8079040051	219	0.00109697622673
36.9708368778	220	0.00109109035064
37.1335608959	221	0.00108529616548
37.3088819981	222	0.00107958137401
37.4712979794	223	0.00107393788368
37.6338689327	224	0.00106836028641
37.8091068268	225	0.00106284483573
37.9714097977	226	0.00105738880499
38.1341757774	227	0.0010519900933
38.3095347881	228	0.00104664698251
38.4720919132	229	0.00104135798403
38.6346638203	230	0.00103612173878
38.8106179237	231	0.0010309369485
38.9739229679	232	0.00102580232502
39.1368877888	233	0.0010207165494
39.3122718334	234	0.00101567823633
39.4744827747	235	0.00101068590078
39.6368658543	236	0.00100573790114
39.812931776	237	0.00100083216374
39.9750578403	238	0.000995965015845
40.1371569633	239	0.000991129809194
40.312265873	240	0.000986323073678
40.4745059013	241	0.000981553615111
40.6369028091	242	0.00097683292719
40.81199193	243	0.000972165638102
40.9753727913	244	0.00096755115684
41.1408698559	245	0.000962986938312
41.3196759224	246	0.000958470152085
41.4830169678	247	0.000953998270881
41.6451778412	248	0.000949569194967
41.8235378265	249	0.000945181214657
41.9856209755	250	0.000940832932706
42.1476998329	251	0.000936523189711
42.3255388737	252	0.000932251004668
42.4878439903	253	0.000928015531778
42.6501100063	254	0.000923816031302
42.827837944	255	0.000919651851739
42.9909110069	256	0.000915522420788
43.1579918861	257	0.000911427242532
43.3343579769	258	0.000907365898029
43.496753931	259	0.000903338045782
43.663766861	260	0.000899343418173
43.8391029835	261	0.000895381810207
44.0012848377	262	0.000891453058674
44.1677529812	263	0.000887557012923
44.3427639008	264	0.000883693502049
44.5049779415	265	0.000879862305524
44.6710498333	266	0.000876063133871
44.8466699123	267	0.000872295622814
45.0100719929	268	0.000868559340183
45.1769099236	269	0.000864853801705
45.3524448872	270	0.000861178490845
45.514633894	271	0.000857532878608
45.6805648804	272	0.000853916440791
45.8557507992	273	0.000850328671481
46.0257380009	274	0.000846769092429
46.1918408871	275	0.000843237258193
46.3671469688	276	0.000839732757032
46.530454874	277	0.000836255207646
46.6969509125	278	0.000832804252208
46.8721117973	279	0.000829379546816
47.0352609158	280	0.00082598075122
47.2018129826	281	0.000822607520273
47.3776419163	282	0.000819259499397
47.5400629044	283	0.000815936325066
47.7060618401	284	0.000812637628983
47.8813979626	285	0.000809363041867
48.0435798168	286	0.000806112191392
48.2094819546	287	0.000802884690238
48.385571003	288	0.000799680114259
48.5478928089	289	0.000796497974555
48.713891983	290	0.000793337687237
48.8889157772	291	0.000790198540145
49.0519998074	292	0.000787079648382
49.21865201	293	0.000783979881708
49.3942499161	294	0.000780897735738
49.5566239357	295	0.000777831108959
49.7224588394	296	0.000774776990817
49.8980507851	297	0.000771731559323
50.0601499081	298	0.000768694480526
50.2264699936	299	0.000765684940992
50.3995888233	300	0.000762655774651
50.5618348122	301	0.000759517268036
50.7283558846	302	0.000756386508951
50.9010429382	303	0.000753284923749
51.0715639591	304	0.000750203759327
51.2382538319	305	0.000747155463923
51.4090077877	306	0.000744178152622
51.5711369514	307	0.000741287397141
51.7369968891	308	0.00073846165447
51.9077839851	309	0.000735677582653
52.0699517727	310	0.000732922839702
52.2358160019	311	0.000730192069758
52.4072937965	312	0.000727482999542
52.5695018768	313	0.000724794557045
52.7354757786	314	0.000722126077885
52.9073548317	315	0.000719476980346
53.0706009865	316	0.000716846629614
53.2371258736	317	0.000714234272223
53.4097898006	318	0.000711638988742
53.572234869	319	0.000709059639049
53.7388689518	320	0.000706494782952
53.9101238251	321	0.000703942558412
54.0726900101	322	0.000701400493214
54.2387928963	323	0.000698865214333
54.4103348255	324	0.000696332004172
54.5725147724	325	0.000693794143176
54.7385218143	326	0.000691242008297
54.9100339413	327	0.000688662066215
55.0730857849	328	0.000686036439702
55.2397818565	329	0.000683345154681
55.4112758636	330	0.000680577441658
55.5735588074	331	0.000677763666714
55.7399477959	332	0.00067498985496
55.9110918045	333	0.000672322166357
56.0812318325	334	0.000669765609422
56.2469389439	335	0.000667298572362
56.4183077812	336	0.000664898704193
56.5811619759	337	0.000662549143095
56.7472259998	338	0.000660238167309
56.9186098576	339	0.000657957766628
57.0817129612	340	0.000655702431853
57.2484288216	341	0.000653468311725
57.4196059704	342	0.000651252660125
57.5820047855	343	0.000649053483403
57.7479419708	344	0.000646869321086
57.919659853	345	0.000644699114823
58.0819900036	346	0.000642542134656
58.2479259968	347	0.000640397939425
58.4201829433	348	0.000638266351415
58.5823659897	349	0.000636147426771
58.7492389679	350	0.00063404140583
58.9204549789	351	0.000631948633998
59.0836567879	352	0.000629869454637
59.2494637966	353	0.000627804087001
59.4211859703	354	0.000625752507565
59.5836369991	355	0.000623714346511
59.7497348785	356	0.000621688792654
59.9210329056	357	0.000619674475321
60.0835878849	358	0.000617669266305
60.249412775	359	0.00061566992436
60.4200577736	360	0.00061367151875
60.5824079514	361	0.0006116667828
60.7487018108	362	0.000609646589518
60.9196357727	363	0.000607605713309
61.0911448002	364	0.000605558437434
61.2575778961	365	0.000603543811864
61.4304709435	366	0.000601586692842
61.5927798748	367	0.000599676460156
61.7584769726	368	0.000597795685244
61.9302458763	369	0.000595934556209
62.0928359032	370	0.000594088710211
62.2586607933	371	0.000592256214605
62.430107832	372	0.000590436117658
62.5929849148	373	0.000588627861024
62.7588319778	374	0.000586831050232
62.9303429127	375	0.000585045365956
63.0933618546	376	0.000583270529686
63.2593538761	377	0.000581506289819
63.4319019318	378	0.000579752414942
63.5942349434	379	0.000578008689303
63.7612028122	380	0.000576274908784
63.9326679707	381	0.000574550876883
64.0953698158	382	0.000572836400662
64.2617409229	383	0.000571131286683
64.4330539703	384	0.000569435336902
64.5955049992	385	0.000567748344387
64.7611539364	386	0.00056607008865
64.9329497814	387	0.000564400330274
65.096121788	388	0.000562738804442
65.2623598576	389	0.000561085212871
65.4338908195	390	0.000559439213611
65.596244812	391	0.000557800408108
65.7627577782	392	0.000556168325089
65.9339458942	393	0.00055454240142
66.1042029858	394	0.000552921961693
66.2734498978	395	0.00055130620233
66.4457278252	396	0.000549694194399
66.6078689098	397	0.000548084934633
66.7788598537	398	0.000546477494124
66.9486849308	399	0.000544871318365
67.1124448776	400	0.000543266666032
67.2862248421	401	0.000541664988882
67.4567108154	402	0.000540068885139
67.619093895	403	0.000538481458149
67.7954888344	404	0.000536905453674
67.9619438648	405	0.000535342729565
68.1247358322	406	0.000533794209564
68.3034338951	407	0.000532260108727
68.4669728279	408	0.000530740201271
68.6292829514	409	0.000529234027434
68.8090779781	410	0.000527741025407
68.9723248482	411	0.000526260606576
69.1352968216	412	0.000524792195214
69.3140678406	413	0.000523335247974
69.4768149853	414	0.000521889262493
69.6394078732	415	0.000520453780223
69.8189079762	416	0.000519028386158
69.9812259674	417	0.000517612706842
70.1436808109	418	0.000516206407422
70.3226189613	419	0.000514809188215
70.4847698212	420	0.00051342078107
70.6471078396	421	0.000512040945741
70.8259468079	422	0.000510669466409
70.9889159203	423	0.000509306148427
71.1594069004	424	0.000507950815357
71.3386609554	425	0.000506603306296
71.5020308495	426	0.000505263473519
71.664290905	427	0.0005039311804
71.8435919285	428	0.000502606299608
72.0060229301	429	0.000501288711542
72.168697834	430	0.000499978302975
72.3451697826	431	0.000498674965865
72.507655859	432	0.000497378596309
72.669896841	433	0.000496089093574
72.845705986	434	0.000494806359169
73.0092089176	435	0.000493530295873
73.172495842	436	0.000492260806639
73.3491108418	437	0.000490997793236
73.5113778114	438	0.00048974115445
73.6746008396	439	0.00048849078359
73.8497309685	440	0.000487246564898
74.0123918056	441	0.000486008368315
74.1748008728	442	0.000484776041762
74.349834919	443	0.000483549399699
74.5120317936	444	0.000482328206197
74.6741600037	445	0.000481112150136
74.8500139713	446	0.000479900809848
75.0132448673	447	0.000478693606281
75.1762049198	448	0.00047748975236
75.3517799377	449	0.000476288234577
75.5143239498	450	0.00047508793184
75.6766529083	451	0.000473888071687
75.8520519733	452	0.000472689119036
76.0145738125	453	0.000471493437796
76.1848049164	454	0.000470304424537
76.3637008667	455	0.000469124600645
76.5271029472	456	0.000467954875233
76.689303875	457	0.000466795120035
76.8675429821	458	0.0004656448138
77.0306499004	459	0.000464503352202
77.193297863	460	0.000463370156279
77.37114501	461	0.000462244704073
77.53332901	462	0.000461126536445
77.6958498955	463	0.000460015254206
77.8740229607	464	0.000458910512297
78.0363309383	465	0.000457812013081
78.2022848129	466	0.000456719499637
78.3786997795	467	0.000455632749427
78.5410017967	468	0.000454551568522
78.707887888	469	0.000453475786444
78.8832318783	470	0.000452405251616
79.0471959114	471	0.000451339827394
79.2281248569	472	0.000450279388604
79.4033207893	473	0.000449223818527
79.5656988621	474	0.000448173006253
79.7322778702	475	0.000447126844346
79.9081008434	476	0.000446085226749
80.0704138279	477	0.000445048046895
80.2365028858	478	0.00044401519598
80.4114129543	479	0.000442986561405
80.5738918781	480	0.000441962025404
80.7397530079	481	0.000440941463934
80.9145839214	482	0.000439924745972
81.0851898193	483	0.000438911733435
81.251639843	484	0.000437902282078
81.4272289276	485	0.00043689624384
81.5898118019	486	0.000435893471223
81.7562148571	487	0.000434893824379
81.931319952	488	0.00043389718142
82.0937418938	489	0.000432903452061
82.2597630024	490	0.000431912593787
82.4348819256	491	0.000430924628336
82.5973107815	492	0.000429939654752
82.7629759312	493	0.000428957854271
82.9379508495	494	0.000427979482975
83.1018979549	495	0.000427004851017
83.2676959038	496	0.000426034291571
83.4429888725	497	0.000425068126393
83.6052849293	498	0.000424106635918
83.7718968391	499	0.000423150039532
83.9441728592	500	0.000422198487725
84.1067159176	501	0.000421252064338
84.2731218338	502	0.000420310795358
84.445168972	503	0.000419374660713
84.6074318886	504	0.000418443606368
84.7733118534	505	0.000417517555184
84.945707798	506	0.000416596415836
85.1092739105	507	0.000415680089684
85.2751069069	508	0.000414768475789
85.447385788	509	0.000413861474388
85.6095910072	510	0.000412958989144
85.7757019997	511	0.000412060928482
85.9474668503	512	0.000411167206257
86.1174149513	513	0.000410277741953
86.2833268642	514	0.000409392460567
86.4559388161	515	0.000408511292293
86.6180539131	516	0.000407634172094
86.7842788696	517	0.000406761039215
86.9557108879	518	0.000405891836692
87.1197018623	519	0.000405026510864
87.2857978344	520	0.000404165010933
87.4575278759	521	0.000403307288555
87.6199679375	522	0.00040245329749
87.7860898972	523	0.000401602993295
87.957559824	524	0.000400756333065
88.1201078892	525	0.000399913275229
88.2865629196	526	0.000399073779375
88.4590909481	527	0.000398237806123
88.6215457916	528	0.000397405317031
88.7884237766	529	0.000396576274529
88.9595508575	530	0.000395750641888
89.1227288246	531	0.000394928383207
89.2890059948	532	0.000394109463432
89.4608709812	533	0.000393293848388
89.6232838631	534	0.000392481504841
89.7893087864	535	0.00039167240057
89.9602108002	536	0.000390866504459
90.122633934	537	0.000390063786602
90.2887129784	538	0.000389264218423
90.4602019787	539	0.000388467772795
90.6232337952	540	0.000387674424173
90.7894117832	541	0.000386884148722
90.961108923	542	0.000386096924433
91.1325647831	543	0.000385312731233
91.2989068031	544	0.000384531551072
91.4718179703	545	0.000383753367977
91.6341538429	546	0.000382978168083
91.8018939495	547	0.000382205939611
91.9725167751	548	0.000381436672806
92.1347038746	549	0.000380670359831
92.3020968437	550	0.000379906994605
92.4728717804	551	0.000379146572598
92.6352229118	552	0.000378389090588
92.8010168076	553	0.000377634546379
92.9741649628	554	0.000376882938502
93.1369569302	555	0.000376134265899
93.3062729836	556	0.00037538852761
93.4787209034	557	0.000374645722473
93.6410999298	558	0.000373905848849
93.8117787838	559	0.000373168904375
93.9833319187	560	0.000372434885761
94.1456158161	561	0.000371703788629
94.3189837933	562	0.000370975607395
94.4878869057	563	0.000370250335202
94.6502099037	564	0.000369527963883
94.8247859478	565	0.000368808483976
94.994822979	566	0.000368091884755
95.1575257778	567	0.000367378154302
95.3359220028	568	0.000366667279584
95.4988739491	569	0.00036595924656
95.6610689163	570	0.000365254040284
95.8397288322	571	0.000364551645019
96.0022289753	572	0.000363852044351
96.1725099087	573	0.000363155221302
96.3512208462	574	0.000362461158434
96.5146420002	575	0.000361769837958
96.6770839691	576	0.000361081241818
96.8555397987	577	0.000360395351787
97.0183908939	578	0.000359712149542
97.1814398766	579	0.000359031616734
97.3605639935	580	0.000358353735052
97.523075819	581	0.000357678486279
97.6853899956	582	0.00035700585234
97.8642048836	583	0.000356335815342
98.0265328884	584	0.000355668357611
98.1887857914	585	0.000355003461721
98.368024826	586	0.000354341110515
98.5306999683	587	0.00035368128713
98.6938447952	588	0.000353023975003
98.8728039265	589	0.000352369157885
99.036221981	590	0.000351716819845
99.1990418434	591	0.000351066945267
99.3781099319	592	0.000350419518847
99.5403828621	593	0.000349774525588
99.7027688026	594	0.000349131950784
99.8817839622	595	0.000348491780004
100.044153929	596	0.000347853999079
100.206470966	597	0.000347218594071
100.382337809	598	0.000346585551258
100.544935942	599	0.000345954857102
100.707239866	600	0.000345326498226
100.882869959	601	0.000344700461382
101.046043873	602	0.000344076733428
101.216677904	603	0.000343455301302
101.391976833	604	0.00034283615199
101.555287838	605	0.000342219272512
101.717309952	606	0.000341604649896
101.89227581	607	0.000340992271163
102.054589987	608	0.000340382123312
102.217019796	609	0.000339774193307
102.392192841	610	0.000339168468072
102.55455184	611	0.000338564934482
102.716763973	612	0.000337963579363
102.892063856	613	0.000337364389493
103.055308819	614	0.000336767351597
103.218313932	615	0.000336172452356
103.394244909	616	0.000335579678408
103.556946993	617	0.000334989016353
103.720535994	618	0.000334400452758
103.899033785	619	0.000333813974159
104.061417818	620	0.000333229567067
104.224048853	621	0.000332647217968
104.402121782	622	0.00033206691333
104.564617872	623	0.000331488639598
104.726997852	624	0.000330912383195
104.909215927	625	0.000330338130521
105.072821856	626	0.000329765867948
105.239378929	627	0.000329195581812
105.414536953	628	0.000328627258409
105.577164888	629	0.000328060883981
105.743803978	630	0.000327496444705
105.918465853	631	0.000326933926677
106.081037998	632	0.000326373315895
106.24728179	633	0.000325814598239
106.422421932	634	0.00032525775944
106.584678888	635	0.000324702785059
106.750918865	636	0.000324149660447
106.925760984	637	0.000323598370706
107.089584827	638	0.000323048900646
107.255395889	639	0.000322501234728
107.430806875	640	0.000321955357002
107.593494892	641	0.000321411251034
107.759631872	642	0.00032086889982
107.934522867	643	0.000320328285683
108.096975803	644	0.000319789390158
108.262942791	645	0.000319252193852
108.438833952	646	0.000318716676282
108.601404905	647	0.000318182815684
108.768170834	648	0.000317650588796
108.943217993	649	0.000317119970603
109.107255936	650	0.000316590934052
109.273611784	651	0.000316063449737
109.448716879	652	0.000315537485563
109.611270905	653	0.000315013006427
109.77764082	654	0.000314489973952
109.952952862	655	0.000313968346404
110.115786791	656	0.000313448078935
110.281817913	657	0.00031292912451
110.45685482	658	0.000312411436004
110.618981838	659	0.000311894970302
110.785322905	660	0.000311379695551
110.96041894	661	0.000310865602848
111.131748915	662	0.000310352722819
111.297501802	663	0.000309841143988
111.47369194	664	0.000309331020592
111.635942936	665	0.000308822541998
111.801808834	666	0.000308315827743
111.976516008	667	0.00030781075362
112.138820887	668	0.000307306831393
112.30492878	669	0.000306803331427
112.478602886	670	0.000306299642118
112.640920877	671	0.000305795575431
112.807772875	672	0.000305291392207
112.981873989	673	0.00030478761946
113.145457983	674	0.000304284844615
113.320838928	675	0.000303783584311
113.493057966	676	0.000303284231411
113.659468889	677	0.000302787050942
113.82545495	678	0.000302292198391
113.995970964	679	0.00030179974444
114.160833836	680	0.000301309698569
114.326931	681	0.000300822028722
114.497931004	682	0.000300336676532
114.660322905	683	0.000299853568545
114.826674938	684	0.000299372624188
114.998117924	685	0.000298893761209
115.161036968	686	0.000298416899248
115.327418804	687	0.000297941962034
115.498218775	688	0.000297468878631
115.660461903	689	0.000296997584007
115.826545	690	0.000296528019163
115.997342825	691	0.00029606013097
116.167171001	692	0.00029559387184
116.332705975	693	0.000295129199289
116.504884005	694	0.000294666075471
116.667172909	695	0.000294204466691
116.832895994	696	0.000293744342948
117.006545782	697	0.000293285677497
117.169665813	698	0.000292828446456
117.336783886	699	0.000292372628442
117.507110834	700	0.000291918204264
117.669366837	701	0.000291465156633
117.835261822	702	0.000291013469927
118.006369829	703	0.000290563129977
118.16850996	704	0.000290114123883
118.334504843	705	0.000289666439858
118.506525993	706	0.000289220067094
118.668906927	707	0.000288774995643
118.835429907	708	0.000288331216315
119.007906914	709	0.000287888720597
119.171059847	710	0.000287447500567
119.337213993	711	0.000287007548836
119.509305954	712	0.000286568858482
119.671491861	713	0.000286131423002
119.837769985	714	0.00028569523626
120.008904934	715	0.000285260292448
120.171393871	716	0.000284826586043
120.337661982	717	0.000284394111771
120.508863926	718	0.000283962864576
120.671144962	719	0.000283532839582
120.836853981	720	0.00028310403207
121.007786989	721	0.000282676437445
121.178236008	722	0.000282250051211
121.347817898	723	0.00028182486895
121.519851923	724	0.000281400886294
121.682640791	725	0.000280978098904
121.854558945	726	0.000280556502455
122.025402784	727	0.000280136092612
122.187750816	728	0.000279716865018
122.362162828	729	0.000279298815276
122.532752991	730	0.000278881938936
122.695155859	731	0.000278466231486
122.873317957	732	0.000278051688337
123.037478924	733	0.000277638304821
123.200359821	734	0.000277226076176
123.380465984	735	0.000276814997547
123.543002844	736	0.000276405063979
123.706506968	737	0.000275996270415
123.88523984	738	0.00027558861169
124.047764778	739	0.000275182082538
124.210278988	740	0.000274776677585
124.389375925	741	0.000274372391354
124.551855803	742	0.000273969218264
124.713974953	743	0.000273567152637
124.892992973	744	0.000273166188696
125.056085825	745	0.00027276632057
125.219263792	746	0.000272367542297
125.39811182	747	0.000271969847832
125.560943842	748	0.000271573231043
125.723336935	749	0.000271177685724
125.901468992	750	0.000270783205593
126.063969851	751	0.000270389784299
126.234149933	752	0.000269997415425
126.412705898	753	0.000269606092497
126.576400995	754	0.000269215808984
126.738688946	755	0.000268826558304
126.917414904	756	0.000268438333836
127.080904961	757	0.000268051128917
127.243163824	758	0.000267664936857
127.418983936	759	0.000267279750943
127.581574917	760	0.000266895564449
127.743954897	761	0.000266512370646
127.919617891	762	0.000266130162812
128.081928968	763	0.000265748934249
128.244307995	764	0.000265368678292
128.421207905	765	0.000264989388329
128.583808899	766	0.000264611057815
128.747042894	767	0.000264233680295
128.922401905	768	0.000263857249425
129.085690975	769	0.000263481758989
129.248420954	770	0.000263107202934
129.423818827	771	0.000262733575385
129.586562872	772	0.00026236087068
129.749230862	773	0.000261989083398
129.924892902	774	0.000261618208383
130.087306976	775	0.00026124824078
130.249728918	776	0.000260879176059
130.424634933	777	0.000260511010048
130.587285995	778	0.000260143738957
130.749493837	779	0.000259777359405
130.924589872	780	0.000259411868444
131.088471889	781	0.000259047263574
131.258529902	782	0.00025868354276
131.436874866	783	0.000258320704441
131.599664927	784	0.000257958747532
131.762086868	785	0.000257597671421
131.939770937	786	0.00025723747596
132.102205992	787	0.000256878161441
132.26450491	788	0.000256519728569
132.442660809	789	0.000256162178429
132.604927778	790	0.000255805512436
132.767341852	791	0.000255449732283
132.944939852	792	0.000255094839874
133.108452797	793	0.000254740837259
133.270899773	794	0.000254387726552
133.449679852	795	0.000254035509849
133.612077951	796	0.000253684189137
133.779389858	797	0.000253333766209
133.954289913	798	0.000252984242563
134.116559982	799	0.000252635619314
134.282977819	800	0.000252287897101
134.458408833	801	0.000251941076002
134.62082386	802	0.00025159515545
134.78689599	803	0.000251250134156
134.962435961	804	0.000250906010053
135.125772953	805	0.000250562780234
135.291605949	806	0.000250220440922
135.467386007	807	0.000249878987446
135.629562855	808	0.000249538414245
135.795489788	809	0.000249198714897
135.97080493	810	0.000248859882177
136.133220911	811	0.000248521908157
136.299481869	812	0.000248184784347
136.475652933	813	0.000247848501896
136.638083935	814	0.00024751305184
136.804102898	815	0.000247178425433
136.979664803	816	0.000246844614531
137.142707825	817	0.000246511612058
137.308590889	818	0.000246179412513
137.483747959	819	0.000245848012521
137.646216869	820	0.000245517411376
137.812153816	821	0.000245187611521
137.98720479	822	0.000244858618911
138.149747849	823	0.000244530443177
138.315823793	824	0.000244203097525
138.492113829	825	0.000243876598318
138.654634953	826	0.000243550964333
138.821625948	827	0.000243226215732
138.997318983	828	0.00024290237283
139.175189972	829	0.000242579454797
139.341324806	830	0.000242257478441
139.515239954	831	0.000241936457202
139.677356958	832	0.000241616400467
139.843846798	833	0.000241297313234
140.01630187	834	0.000240979196126
140.178550959	835	0.000240662045673
140.344935894	836	0.000240345854804
140.518163919	837	0.000240030613438
140.680577993	838	0.000239716309098
140.846916914	839	0.000239402927508
141.020386934	840	0.000239090453107
141.191005945	841	0.000238778869489
141.357423782	842	0.000238468159742
141.53034091	843	0.000238158306712
141.692905903	844	0.000237849293191
141.859397888	845	0.000237541102053
142.031188965	846	0.000237233716335
142.193372965	847	0.000236927119296
142.359519958	848	0.000236621294446
142.530995846	849	0.000236316225568
142.693295956	850	0.000236011896732
142.859075785	851	0.000235708292303
143.031246901	852	0.000235405396959
143.194116831	853	0.000235103195715
143.361078978	854	0.000234801673955
143.532634974	855	0.000234500817481
143.695784807	856	0.000234200612575
143.861862898	857	0.000233901046074
144.033161879	858	0.000233602105476
144.195491791	859	0.000233303779054
144.361485958	860	0.000233006055994
144.532949924	861	0.000232708926554
144.695591927	862	0.000232412382238
144.862087965	863	0.000232116415988
145.034490824	864	0.000231821022375
145.197798967	865	0.000231526197804
145.363729954	866	0.000231231940695
145.535127878	867	0.00023093825165
145.69767189	868	0.000230645133582
145.863512993	869	0.000230352591786
146.034739971	870	0.000230060633944
146.204595804	871	0.000229769270039
146.370723009	872	0.000229478512176
146.542896986	873	0.0002291883743
146.705213785	874	0.000228898871811
146.871104956	875	0.000228610021092
147.043130875	876	0.000228321838977
147.20597291	877	0.000228034342185
147.371842861	878	0.000227747546767
147.543621778	879	0.000227461467619
147.706047773	880	0.000227176118088
147.872267008	881	0.000226891509734
148.04340291	882	0.000226607652253
148.205578804	883	0.000226324553575
148.372814894	884	0.000226042220138
148.543842793	885	0.000225760657284
148.707189798	886	0.000225479869747
148.873301983	887	0.000225199862158
149.045427799	888	0.000224920639489
149.208272934	889	0.000224642207368
149.374080896	890	0.000224364572189
149.545110941	891	0.000224087740983
149.707603931	892	0.000223811721025
149.873528004	893	0.000223536519219
150.04439497	894	0.000223262141343
150.206426859	895	0.000222988591265
150.37229991	896	0.000222715870271
150.543146849	897	0.000222443976635
150.705376863	898	0.00022217290549
150.871260881	899	0.000221902649042
151.043460846	900	0.000221633197058
151.214477777	901	0.000221364537547
151.383691788	902	0.00022109665751
151.556350946	903	0.00022082954365
151.719389915	904	0.000220563182978
151.888834	905	0.000220297563241
152.060129881	906	0.000220032673203
152.222507954	907	0.000219768502759
152.393633842	908	0.000219505042942
152.565084934	909	0.00021924228584
152.727475882	910	0.000218980224461
152.902021885	911	0.000218718852587
153.07287693	912	0.000218458164606
153.236027956	913	0.000218198155378
153.416121006	914	0.000217938820095
153.578404903	915	0.00021768015418
153.74199295	916	0.000217422153198
153.921184778	917	0.000217164812788
154.083621979	918	0.000216908128615
154.246048927	919	0.00021665209633
154.424821854	920	0.000216396711551
154.58709693	921	0.000216141969841
154.749307871	922	0.000215887866703
154.928303003	923	0.000215634397574
155.091687918	924	0.000215381557821
155.254581928	925	0.000215129342743
155.433705807	926	0.00021487774757
155.59630394	927	0.000214626767466
155.758775949	928	0.000214376397525
155.937737942	929	0.000214126632773
156.100226879	930	0.000213877468166
156.270386934	931	0.000213628898586
156.450830936	932	0.000213380918836
156.613249779	933	0.000213133523637
156.775390863	934	0.000212886707616
156.954337835	935	0.000212640465305
157.11795783	936	0.000212394791128
157.280225992	937	0.000212149679394
157.458000898	938	0.000211905124292
157.620625973	939	0.000211661119879
157.782916784	940	0.000211417660081
157.958686829	941	0.000211174738693
158.121225834	942	0.000210932349382
158.283338785	943	0.000210690485703
158.459912777	944	0.000210449141123
158.622292995	945	0.000210208309064
158.785302877	946	0.000209967982958
158.960653782	947	0.000209728156335
159.124516964	948	0.000209488822937
159.287286997	949	0.000209249976867
159.462765932	950	0.000209011612779
159.625027895	951	0.000208773726115
159.787689924	952	0.000208536313379
159.963451862	953	0.000208299372443
160.126296997	954	0.000208062902868
160.289038897	955	0.000207826906202
160.464207888	956	0.000207591386203
160.626544952	957	0.000207356348932
160.788922787	958	0.000207121802643
160.964203835	959	0.000206887757407
161.12784481	960	0.00020665422445
161.297700882	961	0.00020642121524
161.477837801	962	0.000206188740412
161.640065908	963	0.000205956808715
161.802402973	964	0.000205725426181
161.980484962	965	0.000205494595687
162.142830849	966	0.000205264317012
162.305174828	967	0.000205034587358
162.482766867	968	0.000204805402198
162.645500898	969	0.000204576756252
162.807739973	970	0.000204348644387
162.986217976	971	0.000204121062299
163.14889884	972	0.00020389400691
163.315182924	973	0.000203667476483
163.491241932	974	0.000203441470525
163.653486967	975	0.000203215989536
163.820509911	976	0.000202991034696
163.995815992	977	0.000202766607547
164.158248901	978	0.000202542709703
164.32435894	979	0.00020231934262
164.499502897	980	0.000202096507421
164.661724806	981	0.000201874204786
164.827766895	982	0.00020165243489
165.003810883	983	0.00020143119738
165.166975975	984	0.000201210491393
165.332969904	985	0.000200990315578
165.508505821	986	0.000200770668148
165.67068696	987	0.000200551546929
165.836830854	988	0.000200332949421
166.011699915	989	0.000200114872843
166.17412591	990	0.000199897314198
166.343178988	991	0.000199680270311
166.518978834	992	0.000199463737876
166.681410789	993	0.000199247713498
166.847551823	994	0.00019903219372
167.023153782	995	0.000198817175055
167.186402798	996	0.000198602654011
167.352479935	997	0.000198388627106
167.527541876	998	0.00019817509089
167.690112829	999	0.000197962041953
