0.0540790557861	0	3.22039656092
0.135514974594	1	3.07505498256
0.20903801918	2	2.39791534267
0.28169798851	3	2.12102370651
0.354906082153	4	1.90360504118
0.429708957672	5	2.0554066125
0.503971099854	6	2.09872249434
0.58108496666	7	3.11663598584
0.657928943634	8	2.02536888864
0.733376979828	9	2.04356120581
0.809380054474	10	2.4760055606
0.885658979416	11	1.66329752299
0.961713075638	12	2.01276839404
1.04052901268	13	1.75505698353
1.11839199066	14	2.06880140546
1.19423294067	15	1.664494519
1.27023506165	16	1.59634971827
1.34619402885	17	1.58065088003
1.42303204536	18	1.79253243157
1.49947500229	19	1.50258972122
1.57750511169	20	1.49470409814
1.66212105751	21	1.76049399474
1.73883295059	22	1.60613899842
1.81613707542	23	1.84759408479
1.89263105392	24	1.73241705163
1.96966409683	25	2.23043163327
2.04955911636	26	1.73006173532
2.13133502007	27	1.67335610174
2.20905399323	28	1.88629489743
2.2872710228	29	1.83249099134
2.36402511597	30	1.42640094307
2.44119095802	31	1.59002444444
2.51773405075	32	1.64373058771
2.59649205208	33	1.60179858444
2.67558598518	34	1.90776073395
2.75166511536	35	1.80753550485
2.82736301422	36	1.42506474977
2.90363311768	37	1.4350828806
2.98018097878	38	1.40375860719
3.05606913567	39	1.51997321939
3.14056992531	40	1.64774304322
3.21632409096	41	1.93960178589
3.2923951149	42	1.45959412802
3.36894893646	43	1.30395043003
3.44529294968	44	1.35758041023
3.52208805084	45	1.42403701074
3.60109210014	46	1.47050796895
3.6773250103	47	1.5452479633
3.7542719841	48	1.45062435879
3.83076906204	49	1.56282099229
3.90746903419	50	1.67227716595
3.98356509209	51	1.37895875095
4.06024599075	52	1.48823386272
4.14481401443	53	1.40295248484
4.22255706787	54	1.16168677159
4.29971694946	55	1.23314225525
4.3771250248	56	1.11044913223
4.45537304878	57	1.25948702934
4.53204011917	58	1.2739295273
4.61212396622	59	1.21654217249
4.69066095352	60	1.34577861648
4.7670609951	61	1.39002068069
4.84358310699	62	1.54212941629
4.92020606995	63	1.27315977199
4.9982149601	64	1.72263945716
5.07734203339	65	1.33751643974
5.16035199165	66	1.38494450913
5.2379181385	67	1.42164126217
5.31580591202	68	1.47531334167
5.3929669857	69	1.30541370712
5.4699280262	70	1.23429298438
5.55138206482	71	1.62068930278
5.6310069561	72	1.45232797043
5.707695961	73	1.44343222351
5.78410291672	74	1.5474977619
5.86232709885	75	1.3785176305
5.93994402885	76	1.63262597756
6.01721191406	77	1.44426905332
6.09653711319	78	1.31980166637
6.1746070385	79	1.38580581063
6.25229310989	80	1.25130159871
6.33009696007	81	1.29779229104
6.4078040123	82	1.17568042611
6.48550701141	83	1.31699125356
6.56286907196	84	1.17555205316
6.64831113815	85	1.26953846692
6.72632598877	86	1.23825203108
6.80390191078	87	1.18192439133
6.88130712509	88	1.19511172411
6.95907497406	89	1.1379232678
7.03710103035	90	1.09859060243
7.11697006226	91	1.15576284247
7.19421505928	92	1.16662728398
7.27209496498	93	1.19661072165
7.34967494011	94	1.07692998615
7.42753005028	95	1.03729995921
7.50488591194	96	1.02151407411
7.58808708191	97	1.13495816618
7.67367601395	98	1.15053750151
7.75087714195	99	1.55960031215
7.82787203789	100	1.14504567317
7.90485310555	101	1.10342903935
7.98257708549	102	1.14905689109
8.0593650341	103	1.15292125103
8.14277696609	104	1.19451481262
8.22128105164	105	1.29404133037
8.29906010628	106	0.972506893418
8.37654209137	107	1.03403180784
8.45445609093	108	1.28615159434
8.5320789814	109	1.23174397969
8.61194992065	110	1.18998978757
8.68978309631	111	1.17538215261
8.76747608185	112	1.03508610598
8.84547305107	113	1.08415490357
8.92270803452	114	1.152199091
9.00048494339	115	0.937325525538
9.07859802246	116	0.983207036995
9.16362309456	117	1.04567883264
9.24124193192	118	0.972889077709
9.32017612457	119	1.07420196985
9.39829802513	120	1.08909680585
9.4760620594	121	1.08883996539
9.55744695663	122	1.05967508033
9.63770604134	123	1.12746936548
9.71589612961	124	1.15666575035
9.79503393173	125	1.42068121421
9.87436699867	126	1.28269075961
9.95236110687	127	1.08066764892
10.0306720734	128	1.25976121022
10.1114199162	129	1.2277308044
10.1884031296	130	1.4054556158
10.267113924	131	1.38680422077
10.3453080654	132	1.14308443841
10.42385602	133	1.20367793431
10.5019640923	134	1.2172549572
10.5804510117	135	1.26388658599
10.6652700901	136	1.22233975617
10.7436199188	137	1.26271970391
10.8213880062	138	1.27960389
10.8992581367	139	1.13890758615
10.9764261246	140	1.12983948046
11.0543251038	141	1.139127255
11.1344549656	142	1.08450706244
11.2114620209	143	1.0650629668
11.2889490128	144	1.03337910019
11.3679080009	145	1.12825486907
11.4459280968	146	1.02681997845
11.5243239403	147	1.06563453714
11.6047239304	148	1.06917970989
11.683380127	149	1.02712042868
11.7620661259	150	0.98461893043
11.8407180309	151	0.96512418682
11.9191610813	152	1.09182117853
11.9980239868	153	0.999920772815
12.0775520802	154	1.13722894153
12.1676359177	155	0.952467564283
12.245194912	156	1.04419299352
12.3239879608	157	1.04677047782
12.4026710987	158	1.04416473922
12.4809269905	159	1.04222885994
12.5621659756	160	0.983051136325
12.646048069	161	1.25286490893
12.7250840664	162	1.20792176457
12.8047640324	163	0.985847965994
12.8837480545	164	1.10504324665
12.9620771408	165	0.994172442162
13.0412869453	166	1.13647521352
13.1212890148	167	0.9257473029
13.2004439831	168	1.06378509482
13.2791080475	169	1.02832429885
13.3589940071	170	1.11576089329
13.4372880459	171	1.22772172579
13.5150780678	172	1.1463187416
13.5941901207	173	1.23151355565
13.6833059788	174	1.01561603072
13.7634170055	175	0.909060137453
13.8432769775	176	0.896352305742
13.9228739738	177	1.03326065318
14.0024540424	178	1.00223304151
14.0823140144	179	1.01732957185
14.1717851162	180	1.10640950066
14.2508189678	181	1.161596233
14.3299710751	182	1.26612665677
14.4094629288	183	1.22642708539
14.4887309074	184	1.32014163129
14.5706629753	185	1.00670132105
14.6572999954	186	0.968507814063
14.7442259789	187	1.04164056627
14.8240120411	188	0.975015444037
14.9043860435	189	1.04122222946
14.984429121	190	1.13704443687
15.0668749809	191	1.09109220957
15.1524829865	192	1.22253584186
15.2320289612	193	1.00884519876
15.3117449284	194	0.97412922479
15.3914790154	195	1.04117966701
15.471020937	196	0.99211497845
15.5513370037	197	0.93750347097
15.6373260021	198	0.97028363174
15.7166090012	199	0.916842749116
15.7957730293	200	0.976423551146
15.8750281334	201	0.908225276275
15.9541380405	202	0.971559355167
16.0351150036	203	0.974539312802
16.1205239296	204	0.886626445158
16.200551033	205	0.952956954025
16.2805480957	206	1.0504183031
16.3603761196	207	0.960298873788
16.4401431084	208	0.953329005906
16.5205280781	209	0.932113746428
16.6049630642	210	0.980770054629
16.6891219616	211	1.01528953007
16.7686200142	212	1.04972124348
16.8472471237	213	1.01468071396
16.9259929657	214	0.955816872397
17.0062720776	215	1.00101429418
17.0885269642	216	1.04646988854
17.1768040657	217	1.0558235569
17.255573988	218	0.990421290978
17.3338840008	219	1.08682631032
17.4128930569	220	0.9877426665
17.4919540882	221	1.05931465993
17.5728840828	222	0.941031575507
17.6581690311	223	1.05097846715
17.7365660667	224	0.909750717552
17.816213131	225	0.955486297253
17.8947970867	226	0.893862994581
17.973154068	227	1.00954870114
18.0531790257	228	0.980878176227
18.1375219822	229	0.930453796816
18.2161641121	230	0.953716867883
18.2946541309	231	0.922763141211
18.3740739822	232	0.993729815741
18.4530880451	233	0.988948361706
18.5332460403	234	1.0000915067
18.6185381413	235	0.944660890103
18.6972949505	236	1.0318758696
18.7758009434	237	1.05124432841
18.8540611267	238	1.01462665209
18.9328989983	239	1.02325702478
19.0126199722	240	0.915215130859
19.0934920311	241	0.939868277242
19.1837120056	242	0.983304683565
19.2623901367	243	1.073533926
19.3414809704	244	0.961925999182
19.4210541248	245	0.994320640933
19.4994409084	246	1.0217252373
19.5807840824	247	1.00394337624
19.6662640572	248	0.958356858939
19.7462611198	249	1.04111412931
19.825881958	250	1.03424679962
19.9048910141	251	0.985145961977
19.9846761227	252	1.00162388708
20.0644929409	253	1.03262129133
20.1490290165	254	0.999029640253
20.2287769318	255	0.97809959009
20.3081250191	256	0.89822523344
20.3877251148	257	0.951648168332
20.4670469761	258	1.00244974889
20.546790123	259	0.98192615305
20.632625103	260	0.969081337516
20.7128961086	261	0.991473663117
20.7915050983	262	0.94850508134
20.8704869747	263	1.0281028146
20.9494400024	264	0.958033853992
21.0285739899	265	1.05207531686
21.1127080917	266	1.08620772663
21.1980910301	267	1.09656941472
21.2768349648	268	1.00348175145
21.3558149338	269	1.02209465613
21.4349420071	270	0.965306493328
21.5134460926	271	0.966523968561
21.5953710079	272	1.06073590513
21.6849389076	273	0.840553170688
21.7644231319	274	0.794134062356
21.8436610699	275	0.978429954436
21.9225509167	276	0.907386363477
22.0021281242	277	0.889383588477
22.0850679874	278	0.883624276492
22.1715209484	279	0.871297068602
22.2516851425	280	0.943874561703
22.3320219517	281	0.753069922923
22.4114120007	282	0.858034093126
22.4909300804	283	0.879342693571
22.5707631111	284	0.78156778424
22.6591389179	285	1.02700250952
22.7391209602	286	1.00803529611
22.8190870285	287	0.94189962453
22.8996269703	288	0.88068537747
22.9802770615	289	0.962339363175
23.0602970123	290	1.00600196463
23.1467700005	291	0.963756267117
23.2270579338	292	0.928647080958
23.3068809509	293	0.804976005772
23.3873100281	294	1.04031450361
23.4679119587	295	1.06452673776
23.5483620167	296	0.938425545848
23.6356790066	297	0.79659555921
23.7166140079	298	0.915638049172
23.7971179485	299	0.758804924535
23.8791329861	300	0.809055067333
23.9602839947	301	0.800332930411
24.0412471294	302	0.689674668376
24.1276760101	303	0.687430909832
24.2072050571	304	0.788908519483
24.287266016	305	0.745211835503
24.3682219982	306	0.723061377951
24.4479579926	307	0.822907036236
24.5285050869	308	0.764974296119
24.6128079891	309	0.725814117367
24.7001349926	310	0.869777767571
24.779859066	311	0.814928039948
24.8596630096	312	0.839433659612
24.9393789768	313	0.851938383746
25.0191619396	314	0.880732634693
25.1005721092	315	0.902377911092
25.1890881062	316	0.89071225431
25.2695970535	317	0.862546202248
25.3499290943	318	1.00879834062
25.4308340549	319	0.982927134343
25.5114691257	320	0.896155979597
25.5934391022	321	0.824736282934
25.6813979149	322	0.872941435439
25.762346983	323	0.82489893626
25.8432199955	324	0.773673419569
25.9241390228	325	0.788994547988
26.0045070648	326	0.801599631989
26.0880351067	327	0.794813791447
26.1702270508	328	0.793061220475
26.2512149811	329	0.789719328264
26.3318841457	330	0.748855192809
26.4126670361	331	0.822379802219
26.4922749996	332	0.818205665907
26.573153019	333	0.817181369124
26.6558120251	334	0.875312108379
26.7372660637	335	0.870217509772
26.817784071	336	0.802779808454
26.8985650539	337	0.835639775853
26.979820013	338	0.793581065618
27.0609340668	339	0.858338250589
27.1441619396	340	0.827515608795
27.2259089947	341	0.801864617563
27.3071980476	342	0.788901522959
27.3879330158	343	0.791480224515
27.4689970016	344	0.801840575855
27.5497610569	345	0.776972749006
27.6332359314	346	0.78451830562
27.7144789696	347	0.828768358805
27.7957019806	348	0.806408626512
27.8767609596	349	0.814939761915
27.9580819607	350	0.810912244281
28.0395610332	351	0.821344119362
28.1222541332	352	0.820894431885
28.2116141319	353	0.804663643939
28.2930459976	354	0.814213252555
28.3749871254	355	0.787808618796
28.4563341141	356	0.812465310687
28.5379679203	357	0.830287940261
28.620554924	358	0.796658942995
28.7098550797	359	0.8278595292
28.7917480469	360	0.824005121048
28.8732631207	361	0.834577421989
28.955229044	362	0.793632548515
29.0370519161	363	0.818076182574
29.1200180054	364	0.770254867118
29.2090520859	365	0.823152629295
29.2904829979	366	0.805814224953
29.3722879887	367	0.803724742709
29.4540660381	368	0.817863605987
29.5357100964	369	0.824692369416
29.6184530258	370	0.782269239514
29.7059979439	371	0.813490304932
29.7876849174	372	0.79849010082
29.869451046	373	0.792624438591
29.9511609077	374	0.77067582129
30.0328099728	375	0.800296927018
30.1155080795	376	0.784894954159
30.2028229237	377	0.790202695193
30.2842230797	378	0.808233702683
30.3658480644	379	0.804884667415
30.4472839832	380	0.857143224528
30.5284719467	381	0.90444340505
30.6096019745	382	0.834724154997
30.7010140419	383	0.807975750247
30.7819209099	384	0.894136879935
30.8632879257	385	0.895791424979
30.9452109337	386	0.838135007108
31.0269360542	387	0.890047313149
31.1087720394	388	0.831200838129
31.1999270916	389	0.947776092758
31.2812929153	390	0.934481115453
31.3631989956	391	0.87885822383
31.4448361397	392	0.842878541009
31.5261521339	393	0.902587200173
31.6076209545	394	0.823340136684
31.6978521347	395	0.781353224267
31.7790570259	396	0.832577897584
31.8601140976	397	0.778788206399
31.9412910938	398	0.775449211892
32.0229539871	399	0.7605709129
32.1039950848	400	0.77687716749
32.1930761337	401	0.81928488516
32.2744851112	402	0.846914678901
32.3556759357	403	0.821425958894
32.4357130527	404	0.811047657344
32.5167479515	405	0.807995290185
32.600096941	406	0.816128365242
32.6869599819	407	0.763050715452
32.7673709393	408	0.795410791864
32.8481969833	409	0.799280906857
32.9290211201	410	0.819766705264
33.010461092	411	0.81114498055
33.0912139416	412	0.78703275349
33.1743459702	413	0.79064147456
33.2554969788	414	0.806374718165
33.3364710808	415	0.758254006764
33.4175441265	416	0.74491895257
33.4980709553	417	0.771743564493
33.5784881115	418	0.777774482767
33.6606910229	419	0.78595797913
33.7413430214	420	0.782365994452
33.8222560883	421	0.764485109904
33.9031500816	422	0.807457497088
33.9845290184	423	0.83171821682
34.0655729771	424	0.815771103046
34.1484191418	425	0.765555669821
34.2292821407	426	0.82012735869
34.3106341362	427	0.74890703499
34.39189291	428	0.761779819546
34.4728760719	429	0.753370538715
34.5538649559	430	0.791948852918
34.6364209652	431	0.796445723509
34.7187900543	432	0.765201245903
34.7993779182	433	0.771250636964
34.8799409866	434	0.777581330146
34.9603390694	435	0.777044301571
35.0408229828	436	0.758896512725
35.1221349239	437	0.756243662145
35.2061810493	438	0.777766342489
35.2863750458	439	0.779110108007
35.3664610386	440	0.771375254505
35.4458720684	441	0.747970052395
35.5263810158	442	0.758484811945
35.6068880558	443	0.734337116082
35.6940329075	444	0.72671980417
35.7742869854	445	0.689527138096
35.8549990654	446	0.730523597644
35.9360430241	447	0.770578287065
36.0169219971	448	0.756075827259
36.1013629436	449	0.714656746036
36.1869161129	450	0.71648112158
36.2676460743	451	0.742962414676
36.34801507	452	0.720850725141
36.4286050797	453	0.734004952785
36.5091609955	454	0.780438308972
36.5898830891	455	0.84773867524
36.6722121239	456	0.841172082045
36.7521800995	457	0.825930587021
36.8329980373	458	0.873472122689
36.9131281376	459	0.888707294201
36.9934740067	460	0.907621553372
37.0743341446	461	0.858896394353
37.1565740108	462	0.839526399654
37.2369270325	463	0.86695444549
37.3170471191	464	0.879611821209
37.3970329762	465	0.836525670465
37.4767079353	466	0.829198545037
37.5563359261	467	0.850968501659
37.6450181007	468	0.825237556098
37.7244670391	469	0.899068007415
37.8037269115	470	1.00535617628
37.8831520081	471	0.879882800097
37.9630329609	472	0.882197559327
38.0418949127	473	0.870170823945
38.1221120358	474	0.84824366753
38.2096819878	475	0.865554780928
38.2893941402	476	0.869272223225
38.3684830666	477	0.811228504277
38.448348999	478	0.937921057156
38.5274019241	479	0.983406665982
38.6088290215	480	0.965367857668
38.6941039562	481	0.890517751393
38.7737150192	482	0.849145619792
38.8540410995	483	0.810697582503
38.9337821007	484	0.826891543674
39.0133321285	485	0.952602049231
39.0929920673	486	0.863341691095
39.1748399734	487	0.860285629634
39.2546970844	488	0.846499819722
39.3342571259	489	0.791086007616
39.4143950939	490	0.900540642566
39.4947590828	491	0.871086064964
39.5746209621	492	0.878424809259
39.656441927	493	0.87936507145
39.736866951	494	0.906850241544
39.8177731037	495	1.05455871768
39.8975920677	496	0.896304650562
39.9773509502	497	0.899909348591
40.057322979	498	0.921128769365
40.1378531456	499	0.992557341188
40.2252299786	500	0.992959086981
40.3058171272	501	1.04967337634
40.3860039711	502	0.932745826466
40.4660041332	503	0.921859958184
40.5463740826	504	0.81620002178
40.6275830269	505	0.804218669399
40.713367939	506	0.742343275684
40.7939319611	507	0.769520277599
40.8732829094	508	0.784357466621
40.9529099464	509	0.759124244042
41.0326020718	510	0.763083521753
41.1129760742	511	0.758878172115
41.1994969845	512	0.718346459677
41.2800540924	513	0.77192220773
41.3594520092	514	0.800043391514
41.4396359921	515	0.763878872763
41.5200331211	516	0.763995876248
41.6006069183	517	0.809805695958
41.6825759411	518	0.870230381495
41.7631459236	519	0.863100542909
41.8432180882	520	0.835914876084
41.9231140614	521	0.834183604819
42.0036871433	522	0.847531048288
42.0840880871	523	0.856391754922
42.1666359901	524	0.851167558294
42.2468631268	525	0.822600923722
42.3273439407	526	0.818141213545
42.4077739716	527	0.827541428865
42.4884469509	528	0.840389946613
42.5695860386	529	0.85261571388
42.6590530872	530	0.87512737908
42.7399289608	531	0.828634637662
42.8208599091	532	0.966234656211
42.90143013	533	0.987223791075
42.9820110798	534	0.97940454945
43.0621089935	535	0.867886244176
43.1434440613	536	0.985812156298
43.2295410633	537	0.969273228354
43.3096461296	538	0.956309697512
43.3899481297	539	0.945616837951
43.4703719616	540	0.886319235397
43.5503671169	541	0.888674117669
43.6311690807	542	0.980261744963
43.7180950642	543	0.857228657419
43.7974691391	544	0.77850695237
43.8773009777	545	0.921482017223
43.9572710991	546	0.938668500281
44.0376489162	547	0.916995358451
44.117650032	548	0.911720578631
44.2039320469	549	0.929978578955
44.2838180065	550	0.930645175896
44.3638930321	551	0.848124634163
44.4441521168	552	0.948532985133
44.5235769749	553	0.898121937891
44.6035161018	554	0.951177785497
44.6851119995	555	1.0198779808
44.7645881176	556	0.842857748045
44.8447580338	557	0.820317152794
44.9261119366	558	0.887068949031
45.0067410469	559	0.911378017932
45.087430954	560	0.776256858168
45.1694550514	561	0.827599633998
45.2502651215	562	0.760714130274
45.3314099312	563	0.736339527437
45.4124190807	564	0.731214474982
45.4934389591	565	0.734712539527
45.5749070644	566	0.735467644287
45.658082962	567	0.7503185908
45.7389531136	568	0.739235863773
45.819988966	569	0.729575058194
45.901088953	570	0.758445470758
45.9818539619	571	0.732364070062
46.0629770756	572	0.775890569214
46.1454191208	573	0.735958802096
46.2328219414	574	0.745425869446
46.3134191036	575	0.778849754875
46.3941731453	576	0.780123770796
46.474353075	577	0.726584007933
46.5542430878	578	0.778108172834
46.6359410286	579	0.732904816527
46.7219700813	580	0.773443261388
46.8033440113	581	0.804279436332
46.8841500282	582	0.802429145373
46.9653000832	583	0.804787234442
47.0458190441	584	0.777324970949
47.1266720295	585	0.749598096324
47.2149610519	586	0.754727678205
47.295953989	587	0.713127562733
47.3769130707	588	0.763114192992
47.4579780102	589	0.729492866543
47.5392069817	590	0.764382891211
47.6222920418	591	0.79820147924
47.7093880177	592	0.807560545684
47.7904589176	593	0.724389414215
47.8711750507	594	0.741875379851
47.9519591331	595	0.800289973631
48.0329680443	596	0.75464582139
48.1165161133	597	0.745760613947
48.1987140179	598	0.737156380021
48.2786431313	599	0.720356027071
48.3589179516	600	0.748169707805
48.4392430782	601	0.755730253561
48.5192320347	602	0.718460275804
48.5992031097	603	0.750191457102
48.6813719273	604	0.740569960646
48.7611010075	605	0.702318028184
48.8413901329	606	0.697286683941
48.9217860699	607	0.696459463524
49.0018110275	608	0.67566087135
49.0817289352	609	0.668621192355
49.1638960838	610	0.670097952764
49.243751049	611	0.678350105854
49.3235020638	612	0.684258006229
49.4036071301	613	0.667515257104
49.4836199284	614	0.684552507708
49.5638611317	615	0.682203499812
49.6452260017	616	0.703877716197
49.7328059673	617	0.679973802311
49.8128049374	618	0.665310170984
49.8937089443	619	0.665140311891
49.9745340347	620	0.708643696501
50.0553050041	621	0.656282546323
50.1358730793	622	0.667241417931
50.2263009548	623	0.695745327553
50.307133913	624	0.689965185199
50.3876709938	625	0.67349761409
50.4683120251	626	0.678405909749
50.5490140915	627	0.67531046597
50.6299860477	628	0.68090279454
50.7196679115	629	0.677317052202
50.8002300262	630	0.679342901068
50.8807399273	631	0.671466385988
50.9613721371	632	0.688071355509
51.0414369106	633	0.708467563237
51.1247429848	634	0.682358763537
51.2100300789	635	0.664025432447
51.2902140617	636	0.721628818991
51.3708879948	637	0.762980284994
51.45093894	638	0.779295716536
51.5310280323	639	0.780087969278
51.6113190651	640	0.747277252454
51.6941289902	641	0.732372683178
51.774474144	642	0.716715766687
51.8548700809	643	0.722194827733
51.9355690479	644	0.726950400847
52.0161290169	645	0.737171244454
52.0968079567	646	0.739522997671
52.1796889305	647	0.737446855602
52.2605259418	648	0.728120776643
52.3415169716	649	0.717042309759
52.4226350784	650	0.717921538489
52.5034921169	651	0.708435615784
52.5845959187	652	0.703454984055
52.674382925	653	0.707978818208
52.7553501129	654	0.707290514263
52.8362979889	655	0.693367660314
52.9173810482	656	0.708968487754
52.998251915	657	0.739932546991
53.0793659687	658	0.735496660063
53.1624789238	659	0.722162384614
53.2438559532	660	0.732772102023
53.3253281116	661	0.714296250051
53.4061260223	662	0.756521186394
53.4863591194	663	0.747321324181
53.5674209595	664	0.735181952252
53.6495471001	665	0.742450914061
53.7385120392	666	0.749459844132
53.8196339607	667	0.742423477958
53.9001290798	668	0.759459766093
53.9804520607	669	0.731350815653
54.0608351231	670	0.741624449591
54.1416261196	671	0.751592864065
54.2304499149	672	0.748951417076
54.3112859726	673	0.741319818135
54.3916859627	674	0.71668336674
54.4718549252	675	0.702835031084
54.5521740913	676	0.759663623731
54.6328589916	677	0.778770966683
54.7200350761	678	0.797730623596
54.8006770611	679	0.773197355048
54.8813710213	680	0.7913014288
54.9617879391	681	0.794564292705
55.0417280197	682	0.7785571528
55.1255791187	683	0.750567435297
55.2088041306	684	0.755318143485
55.2893640995	685	0.779582191119
55.3698570728	686	0.808500449802
55.4498560429	687	0.802566945074
55.530148983	688	0.793786623056
55.6108729839	689	0.81188013791
55.6936919689	690	0.784439502793
55.7742359638	691	0.754182240873
55.8548679352	692	0.74924203774
55.9351239204	693	0.782118329866
56.015278101	694	0.807491410008
56.0956530571	695	0.798585619653
56.1781840324	696	0.777897490128
56.2586140633	697	0.813614509513
56.3383369446	698	0.796612264982
56.4181599617	699	0.781819914169
56.4974830151	700	0.798201559584
56.576925993	701	0.815419411944
56.6573760509	702	0.793360240318
56.7452630997	703	0.808674010793
56.8250570297	704	0.840948971331
56.905148983	705	0.811911691677
56.985049963	706	0.806729888559
57.0647990704	707	0.790654367467
57.1450109482	708	0.791444735203
57.2334630489	709	0.790752363816
57.3132641315	710	0.791561201026
57.3930211067	711	0.805217836096
57.4723529816	712	0.796831461343
57.5522091389	713	0.787915513874
57.6333510876	714	0.805666646722
57.7187421322	715	0.81370957967
57.7984111309	716	0.841169869619
57.8781161308	717	0.799117580885
57.9580509663	718	0.843896167736
58.0378899574	719	0.83809871068
58.1175351143	720	0.798251835514
58.199037075	721	0.809970462116
58.2789061069	722	0.814443474267
58.3585650921	723	0.848951167676
58.4389150143	724	0.806048338848
58.5190899372	725	0.820211078375
58.5987660885	726	0.830050545918
58.6807689667	727	0.7845824428
58.7605919838	728	0.801760434541
58.8403520584	729	0.809877942548
58.9199399948	730	0.797033845448
58.999630928	731	0.831329288496
59.0796060562	732	0.803907772195
59.1607649326	733	0.80752390885
59.2491550446	734	0.800175840732
59.3290629387	735	0.78952624322
59.4091730118	736	0.797393002727
59.489413023	737	0.805442661013
59.5692110062	738	0.80558713561
59.6501979828	739	0.77913214713
59.7378740311	740	0.823481428421
59.817786932	741	0.802665737141
59.8979759216	742	0.78019395429
59.9778730869	743	0.797079789358
60.0580499172	744	0.806843367565
60.1382470131	745	0.792136247896
60.2260010242	746	0.788282160989
60.306096077	747	0.80855812444
60.3862969875	748	0.811629646419
60.4662690163	749	0.826350869402
60.5460600853	750	0.82196431989
60.6256871223	751	0.808066342783
60.707638979	752	0.769854570963
60.7873179913	753	0.797892436872
60.8671469688	754	0.714744575733
60.9468519688	755	0.747573137841
61.0265049934	756	0.706493589088
61.1061930656	757	0.718729572407
61.1877241135	758	0.73263337985
61.2673389912	759	0.761720458471
61.3466389179	760	0.759531026521
61.4260821342	761	0.754337228469
61.5053739548	762	0.768205172415
61.5849380493	763	0.753712424196
61.6651189327	764	0.753457535393
61.7519991398	765	0.762634981509
61.8310940266	766	0.757262521107
61.9103770256	767	0.748856900301
61.9893820286	768	0.737882850966
62.0689511299	769	0.73948696413
62.1487209797	770	0.72198269149
62.2384469509	771	0.714750075062
62.3180699348	772	0.711264927468
62.3977351189	773	0.740816195582
62.4773230553	774	0.730326198379
62.5565769672	775	0.750253488583
62.6385171413	776	0.761152618856
62.7237710953	777	0.732128152793
62.8031449318	778	0.746838407751
62.8827221394	779	0.745791185973
62.9620571136	780	0.757247924314
63.0413210392	781	0.730850118208
63.1208519936	782	0.74378647526
63.2023990154	783	0.721734151193
63.2818899155	784	0.720700144151
63.3616240025	785	0.719108742624
63.4411079884	786	0.721980851151
63.5206041336	787	0.734840167268
63.6003959179	788	0.712500264325
63.6825120449	789	0.716376934832
63.7620270252	790	0.717392919807
63.8419790268	791	0.730434038816
63.921875	792	0.739196403937
64.0016510487	793	0.733790905881
64.0815351009	794	0.734517904125
64.1625831127	795	0.726911959801
64.250150919	796	0.722646134536
64.3298840523	797	0.72766623898
64.4097211361	798	0.728825976763
64.4892430305	799	0.728348547086
64.5689780712	800	0.715225086531
64.6487569809	801	0.712842761601
64.7377150059	802	0.718747839719
64.81737113	803	0.717814174904
64.8971989155	804	0.714850955048
64.9769821167	805	0.707986435026
65.0567119122	806	0.71118547286
65.1397531033	807	0.730478751582
65.2252869606	808	0.730415303793
65.3049521446	809	0.720272176885
65.3848750591	810	0.715516732874
65.4649300575	811	0.713050689766
65.5448000431	812	0.709712750596
65.6246790886	813	0.7274618389
65.7064020634	814	0.729224706871
65.7863221169	815	0.712233116965
65.8662419319	816	0.725844461905
65.9462320805	817	0.708091642604
66.02602005	818	0.709512598669
66.1062960625	819	0.712099333056
66.1883051395	820	0.717271634982
66.2681109905	821	0.713235954081
66.3478350639	822	0.69164399575
66.4276549816	823	0.714276458274
66.507625103	824	0.734263472377
66.5875570774	825	0.742518499522
66.6686570644	826	0.739073267926
66.756814003	827	0.767139682455
66.8368780613	828	0.75089664859
66.9167919159	829	0.768829274
66.9967300892	830	0.752036616335
67.0766429901	831	0.725305551467
67.1567189693	832	0.727002276543
67.2460660934	833	0.734748146011
67.3265030384	834	0.731282671863
67.4062831402	835	0.737580003758
67.4859991074	836	0.73579913276
67.5661981106	837	0.722344882276
67.6466369629	838	0.731925383276
67.7335159779	839	0.722696060791
67.8134479523	840	0.717865485387
67.8938441277	841	0.72081551943
67.9737799168	842	0.741144729598
68.0539469719	843	0.740114093299
68.1334910393	844	0.752743486343
68.215018034	845	0.774052597296
68.2945590019	846	0.760466762397
68.374311924	847	0.759133238568
68.4540960789	848	0.767567946277
68.5342099667	849	0.768258775487
68.6137630939	850	0.790557741762
68.6957890987	851	0.763519819306
68.7754321098	852	0.710626710177
68.8550190926	853	0.724247078685
68.9351000786	854	0.745945176892
69.0149989128	855	0.755560987036
69.0943579674	856	0.736923328849
69.1753311157	857	0.750325539278
69.2621450424	858	0.756092802345
69.3426480293	859	0.720355409764
69.4230840206	860	0.776557062734
69.5028641224	861	0.76222924495
69.5829861164	862	0.752728973513
69.6642689705	863	0.781484033675
69.7504439354	864	0.778499322087
69.8307390213	865	0.75162517319
69.9104499817	866	0.74436150447
69.9901490211	867	0.732848366828
70.0697419643	868	0.749184785178
70.1493759155	869	0.726848413393
70.2353730202	870	0.770909723071
70.3148169518	871	0.76317865786
70.3941071033	872	0.757063076232
70.4737091064	873	0.792321927666
70.5530431271	874	0.784044828917
70.6324710846	875	0.789714574057
70.7137379646	876	0.797069093721
70.7930519581	877	0.787565978237
70.872081995	878	0.787394431136
70.9512169361	879	0.763830317734
71.0303180218	880	0.782501135052
71.1096899509	881	0.823401307041
71.1915099621	882	0.841667993515
71.270815134	883	0.863748488288
71.3499910831	884	0.769967707828
71.4297099113	885	0.773423174671
71.5093410015	886	0.820540192958
71.5885820389	887	0.840853926286
71.6688659191	888	0.798099551159
71.751650095	889	0.793803421399
71.8312389851	890	0.76386628539
71.910722971	891	0.807601496318
71.9903440475	892	0.805392335786
72.0700581074	893	0.841807416209
72.1512880325	894	0.831475311772
72.2363760471	895	0.807337268312
72.3160130978	896	0.797764418859
72.3959240913	897	0.723415970396
72.4752221107	898	0.830990189262
72.5551240444	899	0.772986774152
72.6346931458	900	0.795853236948
72.7167150974	901	0.738834851984
72.7960970402	902	0.790114551051
72.8758649826	903	0.786528311884
72.955493927	904	0.762307727083
73.0351481438	905	0.729649132002
73.1150529385	906	0.753280561642
73.1968541145	907	0.724922570822
73.276704073	908	0.735313342902
73.3563890457	909	0.753087402766
73.4361929893	910	0.806397647155
73.5157139301	911	0.778999840477
73.5952219963	912	0.829492053019
73.676281929	913	0.795507193831
73.7638790607	914	0.80644204727
73.8440279961	915	0.782683930714
73.9239640236	916	0.75765714708
74.0041201115	917	0.763562154306
74.0842249393	918	0.731520114174
74.1644690037	919	0.746960501999
74.2557959557	920	0.754802236282
74.3360629082	921	0.758413354638
74.4163439274	922	0.753036488802
74.4965109825	923	0.754604119338
74.5767900944	924	0.750320229558
74.6584479809	925	0.757148119063
74.7490639687	926	0.755881238432
74.8298881054	927	0.769548077881
74.9104249477	928	0.751297012511
74.9910371304	929	0.746296653501
75.0714650154	930	0.751467847681
75.1542379856	931	0.756042995097
75.2402510643	932	0.74928735444
75.3207349777	933	0.744225427284
75.4014539719	934	0.756094437526
75.4818580151	935	0.767266426355
75.5620551109	936	0.77606063604
75.6425931454	937	0.745290147037
75.7251169682	938	0.743457560076
75.8052940369	939	0.759626603814
75.8859341145	940	0.745416885915
75.966301918	941	0.762333990638
76.0466611385	942	0.757196285218
76.1268270016	943	0.745309289174
76.209510088	944	0.765876243444
76.2896420956	945	0.750224930012
76.3697121143	946	0.764435071108
76.4503400326	947	0.767935975184
76.5308990479	948	0.769024495803
76.6111810207	949	0.748490041136
76.6933939457	950	0.778086063075
76.7734489441	951	0.74236660626
76.8534400463	952	0.767237201081
76.933601141	953	0.752750632062
77.0138170719	954	0.767093894798
77.0936660767	955	0.753250309655
77.1744499207	956	0.761201195622
77.261318922	957	0.761088078761
77.341356039	958	0.760412836347
77.4214041233	959	0.756094465822
77.5013561249	960	0.761474145226
77.5811300278	961	0.764028589201
77.6613950729	962	0.756612517654
77.7473170757	963	0.759447381647
77.8272669315	964	0.765514321661
77.9072380066	965	0.7547596192
77.9874939919	966	0.755184456353
78.0674290657	967	0.743260368115
78.1474940777	968	0.755532632342
78.229227066	969	0.765008810835
78.3092820644	970	0.754740717358
78.3895139694	971	0.757648826415
78.4692950249	972	0.755802208045
78.5491669178	973	0.748990350961
78.6288969517	974	0.765934834155
78.7108509541	975	0.727468844115
78.791052103	976	0.789745655423
78.8716371059	977	0.784958637344
78.9516689777	978	0.735416202468
79.0318341255	979	0.731952241573
79.1121499538	980	0.720549615828
79.19470191	981	0.716088372085
79.2759649754	982	0.747833821539
79.3563899994	983	0.752114576225
79.4360210896	984	0.764667641455
79.5155360699	985	0.745042682105
79.5954461098	986	0.761803790178
79.6761181355	987	0.750852626402
79.7642269135	988	0.72401269171
79.843667984	989	0.714765212319
79.9228689671	990	0.732503459864
80.0027730465	991	0.735943888269
80.0826010704	992	0.76453957144
80.1634681225	993	0.744767331419
80.2490460873	994	0.763250878341
80.3284070492	995	0.762941922682
80.4084551334	996	0.733871598148
80.488451004	997	0.735849956018
80.5683100224	998	0.773881999405
80.648168087	999	0.744015603135
