0.0919008255005	0	1.49179404179
0.203913927078	1	1.78380181224
0.303587913513	2	1.42120869759
0.403500795364	3	1.50345234146
0.50344991684	4	1.46829853723
0.607527017593	5	1.08027592385
0.716470003128	6	1.18576513838
0.81782078743	7	1.22218901521
0.919255971909	8	1.32890261903
1.02159786224	9	1.13128175485
1.1276948452	10	1.90428208618
1.23787379265	11	0.991702150064
1.3405559063	12	0.970363140993
1.44314885139	13	0.997106455074
1.54707694054	14	1.12233945317
1.65450000763	15	0.910652867352
1.76407790184	16	1.00280858911
1.86883187294	17	0.997351177224
1.97328090668	18	0.900325697839
2.0770368576	19	0.868309107411
2.19232392311	20	0.89631502863
2.30095696449	21	0.739952133304
2.40603494644	22	0.854489763465
2.51148700714	23	0.845640623961
2.62029480934	24	0.946170861118
2.73334884644	25	0.983141646369
2.83859682083	26	0.831552610617
2.94366598129	27	1.105279957
3.04913592339	28	0.980110125045
3.15888690948	29	0.794364671334
3.27303099632	30	0.788615815246
3.37916779518	31	0.808832097924
3.4850859642	32	0.760593710909
3.5955119133	33	0.815010084634
3.71122694016	34	0.752367503775
3.81768393517	35	0.860071966673
3.92516279221	36	0.808152939379
4.03233385086	37	0.850249570136
4.14374399185	38	0.700349348521
4.26044583321	39	0.713917104005
4.36860084534	40	0.727795492295
4.47683000565	41	0.740597864083
4.59700489044	42	0.792613927808
4.71512889862	43	0.808197119558
4.8243689537	44	0.76969107394
4.93306899071	45	0.77976295148
5.04227280617	46	0.695631276514
5.15515780449	47	0.770316035707
5.27312994003	48	0.64580596333
5.38242697716	49	0.791779686377
5.49188780785	50	0.762338778353
5.60468387604	51	0.624376817102
5.72311496735	52	0.639612567309
5.83326196671	53	0.577547561123
5.94405984879	54	0.697779354459
6.05461502075	55	0.684139929986
6.17254590988	56	0.5376411359
6.29501700401	57	0.51478056146
6.4056289196	58	0.566118648223
6.5162730217	59	0.705983422024
6.63131690025	60	0.688275740593
6.75150299072	61	0.670612268843
6.86396479607	62	0.591121429734
6.97484397888	63	0.621356797367
7.08965682983	64	0.662685325276
7.20942687988	65	0.570415404567
7.32072401047	66	0.497597349099
7.43219900131	67	0.509801706136
7.54405593872	68	0.701138856604
7.66009402275	69	0.485132473741
7.78057098389	70	0.557072452279
7.8931119442	71	0.560110929353
8.00566101074	72	0.558900429005
8.12157082558	73	0.581845212631
8.24285101891	74	0.655288851868
8.35623693466	75	0.680656455979
8.46951198578	76	0.590352997305
8.58212780952	77	0.596820841517
8.70551490784	78	0.515187602515
8.81834197044	79	0.557010304727
8.9309129715	80	0.562557360012
9.04355597496	81	0.587064620555
9.16028189659	82	0.515254891011
9.28176689148	83	0.533875670513
9.39492678642	84	0.545203158644
9.5157289505	85	0.595503408441
9.63414692879	86	0.554248971547
9.75629687309	87	0.569801424922
9.87077498436	88	0.450102308476
9.98391079903	89	0.483868468309
10.1016278267	90	0.559829746408
10.2246899605	91	0.599096316076
10.3384180069	92	0.665744508199
10.4526908398	93	0.61114378997
10.5661859512	94	0.544330069946
10.6878068447	95	0.531881533419
10.808549881	96	0.525465209047
10.9221169949	97	0.441971736704
11.0365998745	98	0.518756552548
11.1544728279	99	0.533605943082
11.2772569656	100	0.555977501161
11.3915309906	101	0.489570591569
11.5061848164	102	0.505046015231
11.6243338585	103	0.531114872576
11.7472639084	104	0.49379997123
11.8624308109	105	0.483550334452
11.9775559902	106	0.461811631781
12.0920739174	107	0.547199970807
12.2190949917	108	0.479699749077
12.3435609341	109	0.515914760244
12.4589109421	110	0.518620883678
12.5741808414	111	0.506109321655
12.6985449791	112	0.463509148053
12.8231987953	113	0.497270818173
12.9389719963	114	0.524656586578
13.0543599129	115	0.439085579106
13.173085928	116	0.449440929591
13.2960138321	117	0.43765059476
13.4113919735	118	0.442348266498
13.5327088833	119	0.572557105849
13.6532359123	120	0.4749001827
13.7783179283	121	0.435933310038
13.8948438168	122	0.476369590965
14.0115878582	123	0.441026696826
14.1314628124	124	0.484202091844
14.2564759254	125	0.441804179734
14.3724198341	126	0.548481020312
14.4886398315	127	0.429515440886
14.615831852	128	0.428937415868
14.7414078712	129	0.423445961183
14.8578958511	130	0.473575378107
14.9751119614	131	0.444825449642
15.0922889709	132	0.564162460171
15.2213299274	133	0.461419041581
15.3382568359	134	0.521908444302
15.4553890228	135	0.393610894734
15.5720419884	136	0.39515931566
15.6978487968	137	0.399096049552
15.8178617954	138	0.417917613335
15.9341938496	139	0.420051245236
16.0514638424	140	0.484128568132
16.1722350121	141	0.436288154044
16.2975490093	142	0.442139541348
16.4150238037	143	0.493593391436
16.5340898037	144	0.406851574543
16.6559197903	145	0.446707477535
16.7820179462	146	0.420268006909
16.9000809193	147	0.404365485475
17.0175209045	148	0.459106150402
17.1386590004	149	0.456908026764
17.2649989128	150	0.425417104997
17.3837389946	151	0.358552228858
17.5013840199	152	0.374459251941
17.6226348877	153	0.412974962091
17.7492058277	154	0.402582048349
17.866724968	155	0.411835426954
17.9833779335	156	0.402307812504
18.1000318527	157	0.38599350982
18.2290029526	158	0.394063388333
18.3468949795	159	0.435914119669
18.4652528763	160	0.35977027374
18.5834989548	161	0.435959418701
18.712941885	162	0.366590706081
18.8359539509	163	0.321963180664
18.9543628693	164	0.33512131386
19.073745966	165	0.412547912902
19.2025458813	166	0.364274597794
19.3279418945	167	0.378323587135
19.4463808537	168	0.379195357066
19.573527813	169	0.366189440365
19.7019639015	170	0.368836855729
19.8262579441	171	0.370222321186
19.9447829723	172	0.398866143811
20.0631070137	173	0.424585898593
20.1860330105	174	0.394725497339
20.3108878136	175	0.382147892745
20.4286119938	176	0.411155461317
20.5484008789	177	0.432851967865
20.6710569859	178	0.406365933966
20.7984948158	179	0.459931351158
20.9177298546	180	0.370176276079
21.0369229317	181	0.385230867398
21.158987999	182	0.367172079622
21.2860980034	183	0.381875039548
21.4050588608	184	0.406613245263
21.5249598026	185	0.430431340621
21.6478688717	186	0.445413466655
21.7736618519	187	0.439498124889
21.894037962	188	0.448636524925
22.0133509636	189	0.425054211136
22.1358499527	190	0.390647576465
22.2622289658	191	0.512229774918
22.3819379807	192	0.545678067866
22.5006828308	193	0.43804059487
22.623005867	194	0.370606647963
22.7495789528	195	0.413184875798
22.868462801	196	0.367448719135
22.9877038002	197	0.405473303284
23.1110439301	198	0.353869637976
23.2389760017	199	0.347652967752
23.3580708504	200	0.42277645299
23.4783718586	201	0.381191577607
23.5984048843	202	0.39698601789
23.7260189056	203	0.396577950604
23.8454809189	204	0.355019720594
23.9650030136	205	0.38376741127
24.0849039555	206	0.329399319959
24.2159848213	207	0.361534992475
24.3434197903	208	0.326223955853
24.4637348652	209	0.371419258852
24.5909929276	210	0.442014492946
24.7233769894	211	0.375290581709
24.8448448181	212	0.417981471263
24.9638588428	213	0.362383428862
25.0822739601	214	0.33438780809
25.2097959518	215	0.43133741753
25.3355538845	216	0.424504783791
25.4545779228	217	0.341650282884
25.5747029781	218	0.358663115558
25.700387001	219	0.445359586416
25.8296618462	220	0.430132668514
25.9495458603	221	0.336831255086
26.0695538521	222	0.375157364295
26.194893837	223	0.387232499426
26.3252708912	224	0.351867513844
26.4452848434	225	0.319639522555
26.5659668446	226	0.313398669252
26.6890888214	227	0.343697701877
26.8161528111	228	0.424572866848
26.9370298386	229	0.428537399011
27.0575048923	230	0.339909424801
27.1804778576	231	0.362760466572
27.3075749874	232	0.426162810073
27.4292809963	233	0.389392111413
27.5496008396	234	0.379003972809
27.6741189957	235	0.380467658694
27.8032238483	236	0.3190038706
27.9249479771	237	0.336077903004
28.0469419956	238	0.369995295689
28.1720898151	239	0.425519731128
28.3016238213	240	0.385414619816
28.4225699902	241	0.398485508989
28.5436029434	242	0.370592574961
28.6681098938	243	0.501644424944
28.7975139618	244	0.418836216841
28.9184398651	245	0.452353248497
29.0395729542	246	0.443678707206
29.1636078358	247	0.422039315787
29.2925848961	248	0.409748185507
29.414482832	249	0.405041514148
29.5431358814	250	0.417179094738
29.6695468426	251	0.406035535346
29.7995100021	252	0.37916529853
29.9212758541	253	0.388778073474
30.0424129963	254	0.381045423921
30.1674218178	255	0.344478266406
30.2966229916	256	0.354866646249
30.4173378944	257	0.339811649982
30.5385289192	258	0.334396150981
30.6637790203	259	0.342493803875
30.7939088345	260	0.342864696073
30.9157619476	261	0.349746033974
31.036867857	262	0.339888393281
31.1614198685	263	0.32940311241
31.2914018631	264	0.412234389479
31.4123029709	265	0.369602997652
31.5354149342	266	0.329717268831
31.6609368324	267	0.33256200852
31.790596962	268	0.326141723049
31.9132130146	269	0.32006353095
32.0346999168	270	0.317475696138
32.1599059105	271	0.331265829984
32.2893998623	272	0.317860708514
32.4104068279	273	0.315142682253
32.5316607952	274	0.332979577859
32.6567578316	275	0.387474718203
32.7862479687	276	0.337929227959
32.9079120159	277	0.351326702729
33.0292079449	278	0.354173510482
33.1542208195	279	0.314281309964
33.2831199169	280	0.307101422823
33.4047148228	281	0.306459167627
33.5261309147	282	0.334958785859
33.6511898041	283	0.322453349549
33.7806749344	284	0.267948503995
33.9014120102	285	0.261197590605
34.0226738453	286	0.264764562657
34.1487839222	287	0.292484728244
34.2788989544	288	0.374184677417
34.4000840187	289	0.299670435803
34.5213530064	290	0.345058848108
34.6484708786	291	0.303669098298
34.7776219845	292	0.348576229764
34.8988149166	293	0.327696019246
35.0200150013	294	0.328108333323
35.144646883	295	0.331768400081
35.2741408348	296	0.310426737201
35.3949890137	297	0.322472639393
35.5169270039	298	0.361081890207
35.642198801	299	0.407419417359
35.7712879181	300	0.374833104455
35.8936018944	301	0.332570732706
36.0154128075	302	0.327638639642
36.1401119232	303	0.357342501371
36.2693588734	304	0.312973831458
36.3913519382	305	0.342228007318
36.5127398968	306	0.331133287766
36.6384809017	307	0.363546898955
36.7692480087	308	0.355468755562
36.8917818069	309	0.342427256682
37.0140938759	310	0.338420177002
37.1406748295	311	0.32137656467
37.2711749077	312	0.331471054694
37.3931529522	313	0.300531661811
37.5150368214	314	0.316632665004
37.6404387951	315	0.322674527026
37.7703289986	316	0.337503293813
37.8929989338	317	0.292425906286
38.0149497986	318	0.320484416128
38.1409249306	319	0.289288448408
38.2708659172	320	0.297359184894
38.3937399387	321	0.296981066462
38.516302824	322	0.252139263853
38.641865015	323	0.324369959984
38.771753788	324	0.315021787417
38.8939869404	325	0.304097378745
39.015958786	326	0.272620801932
39.1416089535	327	0.309171032171
39.2715859413	328	0.260958605962
39.3946979046	329	0.288907119239
39.5173180103	330	0.263735331414
39.6517767906	331	0.248426181532
39.7823638916	332	0.246111626674
39.9055919647	333	0.256170774686
40.0285689831	334	0.35351379279
40.1557059288	335	0.332068570516
40.2855780125	336	0.335999201826
40.4078428745	337	0.331828656861
40.5308299065	338	0.304937695244
40.6570580006	339	0.30155836724
40.7873418331	340	0.284821313819
40.9092788696	341	0.343560172582
41.0317440033	342	0.335787930534
41.1574809551	343	0.360218613432
41.2877569199	344	0.296685727979
41.4113759995	345	0.284452047271
41.5344898701	346	0.300796929725
41.6616168022	347	0.29466667035
41.7937209606	348	0.27990204646
41.9180028439	349	0.267792928047
42.0409758091	350	0.289247973274
42.1685848236	351	0.280271851268
42.299407959	352	0.2735704
42.4219808578	353	0.312088275528
42.5449318886	354	0.320746608904
42.6712548733	355	0.278381884725
42.8018658161	356	0.291186821996
42.9246599674	357	0.275628536216
43.0478618145	358	0.294056414717
43.1743328571	359	0.248476502364
43.3047947884	360	0.293699369543
43.4279417992	361	0.270681966614
43.5512390137	362	0.272602577828
43.6781909466	363	0.263121076939
43.8087978363	364	0.260297930174
43.9312899113	365	0.258763297139
44.053552866	366	0.253635543697
44.1799619198	367	0.240930452087
44.3107359409	368	0.231469838522
44.4340507984	369	0.254591497804
44.5651187897	370	0.252080256677
44.6923418045	371	0.244608073376
44.8232398033	372	0.25051743334
44.9460148811	373	0.278511951388
45.0688288212	374	0.272398003179
45.1953299046	375	0.292286081081
45.325925827	376	0.323745083254
45.4480438232	377	0.279732095216
45.5706260204	378	0.289240436108
45.6970589161	379	0.3064793958
45.8282079697	380	0.297369425413
45.9517858028	381	0.324903728025
46.0751178265	382	0.276364532649
46.2026698589	383	0.283848353721
46.3339419365	384	0.253228586433
46.4573819637	385	0.301744073239
46.5812399387	386	0.286468611618
46.7074408531	387	0.298139256408
46.8353989124	388	0.276967130971
46.9581480026	389	0.312831245272
47.0808439255	390	0.28384928793
47.2071919441	391	0.283891641832
47.3356978893	392	0.28317273866
47.4586617947	393	0.294682096761
47.5824449062	394	0.293092845439
47.7092308998	395	0.278386187439
47.8374919891	396	0.287459597333
47.9594609737	397	0.275356821683
48.0813658237	398	0.265613581579
48.2079780102	399	0.274934320227
48.3363289833	400	0.331025425583
48.4583349228	401	0.332032284949
48.5807738304	402	0.293643044881
48.7065529823	403	0.263275384047
48.8351078033	404	0.288170565336
48.9566299915	405	0.276851901027
49.0781669617	406	0.288880708063
49.2036910057	407	0.269101816971
49.3333978653	408	0.314517003884
49.4559249878	409	0.270503459255
49.584405899	410	0.283624913429
49.7113058567	411	0.315940599656
49.8389358521	412	0.296049189608
49.9608697891	413	0.287083201483
50.0835578442	414	0.277483935877
50.2131619453	415	0.299241601724
50.3408818245	416	0.314615804445
50.4638838768	417	0.349393917108
50.5865209103	418	0.342248418273
50.7126638889	419	0.366677302178
50.8403549194	420	0.314478807725
50.9627439976	421	0.335257712482
51.0839698315	422	0.325539108937
51.2091829777	423	0.325365898406
51.3379528522	424	0.313734548836
51.45941782	425	0.334642870279
51.5818779469	426	0.348809938068
51.7077448368	427	0.333427977636
51.8374137878	428	0.364012623408
51.9611289501	429	0.369682051621
52.0834000111	430	0.389432795523
52.2094027996	431	0.351911034644
52.3392620087	432	0.329638821911
52.4617569447	433	0.29939775571
52.5842440128	434	0.319222268851
52.7103898525	435	0.38116344399
52.8410739899	436	0.314049554743
52.9638168812	437	0.311023302877
53.0868899822	438	0.34135970813
53.213010788	439	0.329478808756
53.3419058323	440	0.313210734309
53.4648268223	441	0.336056719523
53.5874149799	442	0.330261789407
53.7135298252	443	0.425030580781
53.8428208828	444	0.358170484924
53.9661178589	445	0.326770538034
54.08898592	446	0.325810415123
54.2156739235	447	0.339267180178
54.343102932	448	0.353231955018
54.4650828838	449	0.288603234803
54.5946238041	450	0.30803604847
54.72158885	451	0.3524353433
54.84928298	452	0.331312724986
54.9710829258	453	0.351360148746
55.0934917927	454	0.340910648314
55.2184917927	455	0.316654389213
55.3457169533	456	0.334747232519
55.4670548439	457	0.330986032122
55.5889148712	458	0.293787491141
55.7138879299	459	0.316917071232
55.8432178497	460	0.337271986558
55.9649438858	461	0.293937075661
56.0866959095	462	0.318079389123
56.2125828266	463	0.295789727775
56.3415229321	464	0.325684308434
56.4632308483	465	0.309422401861
56.5863349438	466	0.303729118148
56.712446928	467	0.360800287893
56.843569994	468	0.380528123984
56.9671669006	469	0.379114759247
57.0894320011	470	0.331868716819
57.2144508362	471	0.323822044377
57.3438498974	472	0.314786419251
57.4659278393	473	0.305236217767
57.5876708031	474	0.321750196036
57.7139678001	475	0.313893281222
57.8446598053	476	0.28522430422
57.9671897888	477	0.300149051235
58.089815855	478	0.32132677277
58.2171750069	479	0.276244156527
58.3471519947	480	0.271882233759
58.4705989361	481	0.247012420525
58.5946538448	482	0.327170675748
58.7213017941	483	0.355926911608
58.8501729965	484	0.325870935535
58.9734518528	485	0.291554162753
59.0966629982	486	0.343565468513
59.2238869667	487	0.294151275918
59.3533029556	488	0.282415466837
59.4770917892	489	0.290099219899
59.6087598801	490	0.267892350704
59.740074873	491	0.275461935709
59.8737299442	492	0.293933392078
59.9963579178	493	0.301070923601
60.1232318878	494	0.282032555656
60.2569358349	495	0.2999195204
60.3895719051	496	0.278617566841
60.5129508972	497	0.326495102477
60.6360208988	498	0.301798734555
60.7706398964	499	0.330843070773
60.8938930035	500	0.305086837542
61.0169417858	501	0.279647694997
61.1400108337	502	0.335698227251
61.2715299129	503	0.316191764474
61.3945310116	504	0.314095455409
61.5181488991	505	0.30224171925
61.6408798695	506	0.328759068793
61.7718968391	507	0.338630952051
61.8965978622	508	0.339024919524
62.0205588341	509	0.306672521635
62.1444838047	510	0.350180180114
62.275851965	511	0.308221152435
62.3988068104	512	0.292903162537
62.5213778019	513	0.299351476862
62.6439847946	514	0.299674369062
62.7752900124	515	0.348037539396
62.8985388279	516	0.331763294859
63.0209457874	517	0.359527456302
63.1434719563	518	0.357698581986
63.2739448547	519	0.3310015527
63.3964149952	520	0.335233602529
63.5197207928	521	0.313076631444
63.6427237988	522	0.341590604035
63.7738139629	523	0.324204011737
63.8962929249	524	0.307073711169
64.0199148655	525	0.308317843226
64.1437878609	526	0.3227175654
64.2753310204	527	0.342714737118
64.3990240097	528	0.314480687605
64.5218379498	529	0.318209306793
64.6537079811	530	0.295091381719
64.7871098518	531	0.268136943955
64.9100868702	532	0.285779114785
65.0335979462	533	0.303670369743
65.1566050053	534	0.279444357697
65.2910919189	535	0.283709479345
65.4143838882	536	0.299038592942
65.5382728577	537	0.359202354257
65.6658549309	538	0.35705980043
65.7974758148	539	0.268837806645
65.9207949638	540	0.278224895828
66.0445168018	541	0.274000524111
66.1730289459	542	0.26750180655
66.3046479225	543	0.270035911142
66.4283168316	544	0.262368917476
66.553000927	545	0.267438694627
66.6805009842	546	0.277425330788
66.8120667934	547	0.256424944944
66.9371619225	548	0.262451763762
67.0614669323	549	0.257813280428
67.1893768311	550	0.258850584493
67.3217959404	551	0.259142163881
67.446657896	552	0.270212103548
67.5709300041	553	0.250544938477
67.6986198425	554	0.265366585371
67.8308207989	555	0.245787582956
67.9553108215	556	0.29187945692
68.0791950226	557	0.26483279311
68.2070689201	558	0.265292590728
68.3395648003	559	0.306838093226
68.4636619091	560	0.265240168099
68.5875430107	561	0.283083024809
68.7155117989	562	0.245589427253
68.8479819298	563	0.292224112074
68.9729700089	564	0.259862341019
69.0977008343	565	0.258032563361
69.226131916	566	0.25679783785
69.3593709469	567	0.277369254976
69.4833137989	568	0.237173579241
69.6152238846	569	0.266331668115
69.7436318398	570	0.27820698142
69.8758349419	571	0.315707456323
69.9993150234	572	0.300503072952
70.1256189346	573	0.334307831858
70.2587888241	574	0.324947296018
70.3919370174	575	0.310743668858
70.515775919	576	0.274655294593
70.6393578053	577	0.290747676561
70.7725989819	578	0.29260159545
70.9044489861	579	0.272570324603
71.0285518169	580	0.289434103608
71.1521339417	581	0.321193974634
71.2858510017	582	0.318339444662
71.409501791	583	0.303557705143
71.534029007	584	0.284825543942
71.6579258442	585	0.28898428264
71.7893939018	586	0.270918313952
71.9138739109	587	0.264984754072
72.037694931	588	0.292977103395
72.162460804	589	0.289931283181
72.3027279377	590	0.275845668012
72.4269518852	591	0.259754129965
72.5511238575	592	0.293410323985
72.6781108379	593	0.290284548231
72.8098189831	594	0.277685035894
72.9337940216	595	0.287567636647
73.0576188564	596	0.27795824845
73.1853609085	597	0.279682616492
73.3180727959	598	0.256732871634
73.4420428276	599	0.275861648252
73.5658948421	600	0.293509825819
73.6937179565	601	0.274999791477
73.8252708912	602	0.247290154798
73.9491968155	603	0.252593580937
74.0733368397	604	0.246227312011
74.201928854	605	0.249929134975
74.3334829807	606	0.24734979867
74.4571359158	607	0.272521787538
74.5810768604	608	0.261368424089
74.7139549255	609	0.283802529753
74.8452379704	610	0.2554402553
74.9688339233	611	0.281300684501
75.0924389362	612	0.259139697883
75.2198607922	613	0.28696444514
75.3526489735	614	0.294593889518
75.4761588573	615	0.269797310246
75.5996508598	616	0.298656832215
75.7271258831	617	0.278785817646
75.8584449291	618	0.309656734085
75.9821219444	619	0.304542131879
76.1058878899	620	0.308742761366
76.233342886	621	0.306021806591
76.3650069237	622	0.318341385305
76.4886918068	623	0.355865258832
76.6128687859	624	0.294402102972
76.7403998375	625	0.311549681048
76.8735339642	626	0.317739657724
76.9971568584	627	0.316468081967
77.1206707954	628	0.279170718194
77.2487180233	629	0.300432003305
77.3784430027	630	0.302661836045
77.502393961	631	0.29110891855
77.6267969608	632	0.3148984474
77.7541048527	633	0.298486680813
77.8862638474	634	0.283434452481
78.0106019974	635	0.275124910204
78.1350889206	636	0.296659585866
78.2647058964	637	0.327352600897
78.3994479179	638	0.309456119091
78.523319006	639	0.316457856731
78.6475019455	640	0.322684742151
78.7812178135	641	0.326237917512
78.9145028591	642	0.321318126272
79.0386219025	643	0.290937638563
79.1624479294	644	0.300735576202
79.2959928513	645	0.30773382924
79.4196398258	646	0.317420738075
79.5431909561	647	0.292396037615
79.6754047871	648	0.267958941469
79.8095698357	649	0.281655898104
79.933795929	650	0.291548150751
80.0577609539	651	0.257282187199
80.1863758564	652	0.264708037193
80.3177068233	653	0.263913879127
80.4412329197	654	0.258156554764
80.5646538734	655	0.259848865595
80.6925988197	656	0.256715474262
80.8239638805	657	0.269162678547
80.9477679729	658	0.237867466971
81.0713648796	659	0.23536044037
81.1991989613	660	0.26152588725
81.3317718506	661	0.244049355182
81.4553999901	662	0.254599219874
81.5800609589	663	0.260257887699
81.7075200081	664	0.2496453349
81.8390538692	665	0.24638176991
81.9636979103	666	0.247255231687
82.0873448849	667	0.255737876925
82.2155549526	668	0.240078828969
82.3476629257	669	0.243575098534
82.4717009068	670	0.237517607442
82.5956377983	671	0.242161988616
82.7233228683	672	0.241875688077
82.8548629284	673	0.240766127025
82.9790639877	674	0.239137917688
83.1031959057	675	0.227592983279
83.2309408188	676	0.234369242384
83.3637909889	677	0.234301904514
83.487610817	678	0.248774448591
83.6112058163	679	0.245636960211
83.7387378216	680	0.22987120813
83.8705649376	681	0.247914459156
83.9948279858	682	0.251069884406
84.1198019981	683	0.259848581185
84.2469909191	684	0.266161202469
84.3792610168	685	0.27726551474
84.5031688213	686	0.26475741827
84.6360938549	687	0.259780865081
84.7631139755	688	0.258434101263
84.8940548897	689	0.265347770249
85.0179269314	690	0.271524148087
85.1419517994	691	0.252471951479
85.2724499702	692	0.256647600657
85.4057648182	693	0.259362846158
85.5296390057	694	0.258085893858
85.6580228806	695	0.266945318028
85.8014099598	696	0.264342430368
85.9316937923	697	0.263738667024
86.0654468536	698	0.274187298444
86.4288640022	699	0.279137389123
86.5684599876	700	0.278540425757
86.834168911	701	0.281702658976
87.0383338928	702	0.292256211433
87.1638460159	703	0.263828965452
87.2989308834	704	0.278265566391
87.4280350208	705	0.257414911065
87.5526769161	706	0.254163526797
87.6765618324	707	0.253579480059
87.8085589409	708	0.262623811463
87.9330668449	709	0.263117197697
88.0571467876	710	0.257541318634
88.1816608906	711	0.251113323338
88.3159739971	712	0.265076763406
88.4401688576	713	0.255474117021
88.5640199184	714	0.251146150344
88.6885259151	715	0.266066411354
88.8235538006	716	0.269036657183
88.94825387	717	0.279095828812
89.0725958347	718	0.268249495498
89.2000939846	719	0.256423693057
89.3331139088	720	0.289232134694
89.457395792	721	0.280555970253
89.5815420151	722	0.280163135353
89.7178778648	723	0.275708428518
89.8501799107	724	0.273131467805
89.9748799801	725	0.26736875644
90.0988278389	726	0.266632851718
90.2273819447	727	0.277178358467
90.3593668938	728	0.278338607276
90.4835119247	729	0.261478126893
90.6077258587	730	0.272837885292
90.7355298996	731	0.273155546379
90.8678188324	732	0.279159342204
90.9923648834	733	0.269822476685
91.1168348789	734	0.282245871772
91.2456748486	735	0.276358361613
91.3784220219	736	0.279469785768
91.5029518604	737	0.271228331811
91.6279439926	738	0.257792086751
91.7560689449	739	0.256383942178
91.8887360096	740	0.25517164381
92.0130050182	741	0.247344277539
92.1380989552	742	0.276342299013
92.2653698921	743	0.244053022875
92.3942279816	744	0.262521101524
92.5176599026	745	0.249704623166
92.6412129402	746	0.245129913292
92.7680008411	747	0.246552205334
92.8964538574	748	0.246253163439
93.0192599297	749	0.246559578354
93.1426439285	750	0.267766081826
93.2697749138	751	0.244254001403
93.3989899158	752	0.239487637895
93.5223259926	753	0.237596498252
93.6461069584	754	0.245985056415
93.7724318504	755	0.24069063442
93.9025838375	756	0.24027355832
94.0256209373	757	0.236494207216
94.1495149136	758	0.241482159393
94.2755827904	759	0.25047518768
94.4047858715	760	0.244192426013
94.5276739597	761	0.254882266508
94.6587018967	762	0.269807721037
94.7883269787	763	0.257200778257
94.9217159748	764	0.24758081796
95.0445969105	765	0.25334567182
95.1678338051	766	0.266583361868
95.3019928932	767	0.260829388957
95.4356119633	768	0.256252106974
95.5595829487	769	0.259067690949
95.6836349964	770	0.251952038267
95.8162429333	771	0.275510359229
95.9398219585	772	0.246340090029
96.0635550022	773	0.251104354076
96.1871449947	774	0.276834656867
96.3182988167	775	0.267791816835
96.4414408207	776	0.27014467691
96.5662298203	777	0.260223200952
96.6899528503	778	0.267534480634
96.8215630054	779	0.264731116567
96.9458339214	780	0.256642368245
97.0691349506	781	0.275387026845
97.1927440166	782	0.270382089682
97.3282380104	783	0.272311570548
97.4518339634	784	0.287630415873
97.5756299496	785	0.287819088668
97.6998648643	786	0.26275794679
97.8347358704	787	0.262692417411
97.9585750103	788	0.255665717384
98.0823979378	789	0.281384264483
98.2108240128	790	0.272091503921
98.3430819511	791	0.255863666474
98.4673569202	792	0.240306536412
98.5910069942	793	0.252687285279
98.7190577984	794	0.25385868627
98.8509960175	795	0.259864193432
98.9753229618	796	0.247947052531
99.0995738506	797	0.243027991578
99.2278950214	798	0.249743543715
99.3603429794	799	0.265429311587
99.4852559566	800	0.253550791101
99.6095948219	801	0.25634198842
99.7455408573	802	0.241877728126
99.877822876	803	0.263701368751
100.001591921	804	0.258529558078
100.12568593	805	0.246281507024
100.25355792	806	0.26346138826
100.385437965	807	0.267548310044
100.509387016	808	0.257567306459
100.633678913	809	0.242937521688
100.761011839	810	0.265969054921
100.893622875	811	0.260672536511
101.01830101	812	0.256564073175
101.142129898	813	0.263137793602
101.270770788	814	0.256894999216
101.403703928	815	0.255066570234
101.52777195	816	0.247270830011
101.65316391	817	0.252778179958
101.781164885	818	0.26031261163
101.914108992	819	0.248603741961
102.038395882	820	0.25162620385
102.163213015	821	0.24820336485
102.290715933	822	0.24794180017
102.423193932	823	0.253650782692
102.547768831	824	0.248970380147
102.672029018	825	0.248673633255
102.803679943	826	0.247550284076
102.935128927	827	0.251788556027
103.059173822	828	0.246978775092
103.183273792	829	0.25849356367
103.319363832	830	0.249905217026
103.448566914	831	0.243820323137
103.572842836	832	0.243711785097
103.697472811	833	0.247203463144
103.830700874	834	0.249337042662
103.955300808	835	0.243143714458
104.079838991	836	0.261908485907
104.205343008	837	0.255656892803
104.341622829	838	0.248910175419
104.466790915	839	0.243861978408
104.591698885	840	0.243361692363
104.728231907	841	0.246612942797
104.861363888	842	0.259498799436
104.986269951	843	0.249397923384
105.111131907	844	0.243501014646
105.239993811	845	0.259670220024
105.373384953	846	0.239791140557
105.498480797	847	0.241730482988
105.623745918	848	0.235911518208
105.752170801	849	0.240627037755
105.885267973	850	0.233306308583
106.009984016	851	0.253829695438
106.134737968	852	0.235183435065
106.263319016	853	0.24192442423
106.396277905	854	0.238991054069
106.521381855	855	0.233102566675
106.647388935	856	0.233467060984
106.775828838	857	0.235353546673
106.910248995	858	0.236141884104
107.035070896	859	0.234983962918
107.159919977	860	0.235403726546
107.289366961	861	0.234153074529
107.422104836	862	0.236630474561
107.546927929	863	0.242165645038
107.672007799	864	0.249679603876
107.80378294	865	0.254941715287
107.939968824	866	0.251406321926
108.06532383	867	0.23553840771
108.191887856	868	0.249257984224
108.328223944	869	0.238900492821
108.454761982	870	0.246607482549
108.579782963	871	0.251974174738
108.704742908	872	0.250303886835
108.83829093	873	0.248337237094
108.963921785	874	0.252103592183
109.088567019	875	0.250871794405
109.213827848	876	0.250504062311
109.350095987	877	0.245260348755
109.474905014	878	0.243048938986
109.599919796	879	0.24024322357
109.736641884	880	0.246141316871
109.869177818	881	0.244172831767
109.993719816	882	0.247446740367
110.118493795	883	0.252687229629
110.247202873	884	0.239329595336
110.379937887	885	0.247559873641
110.505159855	886	0.24878100669
110.630195856	887	0.244417427519
110.75861001	888	0.251853034178
110.89226079	889	0.251812770467
111.017369986	890	0.246169442364
111.14218998	891	0.261598385925
111.271066904	892	0.250428935556
111.404013872	893	0.24696947125
111.528746843	894	0.243151847388
111.654696941	895	0.24329585118
111.78341198	896	0.243596084552
111.917730808	897	0.242320518874
112.04259181	898	0.239291606831
112.168502808	899	0.243544778522
112.296624899	900	0.250119082447
112.426931858	901	0.243361065079
112.55127883	902	0.238582522494
112.675508022	903	0.237626043581
112.805049896	904	0.246780109698
112.93817997	905	0.234859808745
113.06230092	906	0.2395253192
113.186975002	907	0.240392881923
113.320955992	908	0.23973179664
113.44951582	909	0.24037651475
113.574093819	910	0.234412998081
113.698218822	911	0.239218611032
113.833795786	912	0.229296742381
113.961962938	913	0.231256875369
114.08621788	914	0.230018221352
114.211014986	915	0.231515840371
114.343365908	916	0.230405559767
114.467638016	917	0.217569367081
114.59138298	918	0.244908055352
114.727949858	919	0.278053725308
114.860183954	920	0.255291288167
114.984193802	921	0.275829805913
115.108372927	922	0.270140566165
115.236912966	923	0.248143292332
115.369431973	924	0.246960920013
115.49421382	925	0.267392083557
115.619185925	926	0.260898326541
115.747762918	927	0.273167368981
115.880825996	928	0.271304641644
116.00543189	929	0.253854452253
116.129854918	930	0.252744122867
116.25869298	931	0.262091059566
116.39110589	932	0.265754125993
116.516169786	933	0.268814908822
116.64228797	934	0.273061065702
116.770636797	935	0.264677449605
116.903869867	936	0.265842676712
117.028406858	937	0.26754592226
117.153167963	938	0.270283245553
117.281792879	939	0.278547438392
117.414288998	940	0.283239430617
117.538908958	941	0.265184659864
117.663223982	942	0.274685787317
117.791115999	943	0.282642731156
117.923661947	944	0.291902267335
118.047752857	945	0.300907244587
118.172594786	946	0.252126831053
118.300264835	947	0.267376447065
118.429932833	948	0.271809912958
118.554413795	949	0.272111044554
118.678888798	950	0.267901083735
118.806783915	951	0.271374237744
118.93898797	952	0.258856218049
119.063627958	953	0.274913147134
119.18816781	954	0.263512666523
119.320354939	955	0.258279781507
119.455253839	956	0.26219076588
119.579542875	957	0.271777526641
119.7126019	958	0.242673176363
119.846529007	959	0.285174598659
119.970615864	960	0.263353928679
120.09500289	961	0.277626556099
120.21984601	962	0.257761802872
120.351877928	963	0.281945699137
120.475983858	964	0.283627761325
120.599941969	965	0.279738863804
120.724380016	966	0.276670584841
120.85975194	967	0.273206816461
120.984035969	968	0.271529674942
121.108066797	969	0.26618475032
121.235787868	970	0.278736400832
121.368157864	971	0.266292601737
121.491900921	972	0.281055592017
121.617129803	973	0.271168040508
121.744728804	974	0.271303645036
121.878207922	975	0.26797818328
122.002641916	976	0.298331943163
122.127625942	977	0.285340268207
122.256359816	978	0.296391659096
122.388720989	979	0.280962261433
122.513399839	980	0.267308807966
122.637907982	981	0.276595293303
122.766279936	982	0.276053497019
122.898936987	983	0.279860715738
123.023139954	984	0.277047119444
123.147427797	985	0.285879354437
123.275826931	986	0.290146476691
123.408255816	987	0.280593856788
123.614449978	988	0.295083494111
123.742326975	989	0.279067975633
123.873271942	990	0.28337133674
123.996585846	991	0.29011653022
124.119426966	992	0.284467581512
124.246966839	993	0.285306615298
124.378539801	994	0.286092207843
124.502100945	995	0.278007694292
124.625154018	996	0.277329335163
124.760635853	997	0.276439814838
124.891318798	998	0.279170271342
125.014670849	999	0.281524066602
