0.0367941856384	0	5.25088803147
0.100180149078	1	3.60561266346
0.140003204346	2	2.25507952476
0.179152011871	3	2.69615220427
0.218891143799	4	1.78996854371
0.25861120224	5	2.3088943131
0.298740148544	6	1.76829575262
0.338824033737	7	1.50205060507
0.378684997559	8	1.21897903346
0.418592214584	9	1.31756277813
0.458928108215	10	1.41633010138
0.502860069275	11	1.69408804532
0.543144226074	12	1.25606424201
0.592433214188	13	1.57873889335
0.633395195007	14	1.63661914683
0.674037218094	15	1.51279007645
0.715012073517	16	1.23954455519
0.756264209747	17	1.20896358079
0.797334194183	18	1.16982276403
0.838609218597	19	1.10197697148
0.879945039749	20	1.5227747051
0.921260118484	21	1.25537816763
0.962453126907	22	1.02152198686
1.0073120594	23	1.06850216189
1.04848408699	24	1.06118045154
1.09833216667	25	0.922555636719
1.14031720161	26	0.994858913749
1.18206501007	27	1.01751943391
1.22366905212	28	1.1376000415
1.26546621323	29	1.18752262435
1.30724310875	30	0.985148270289
1.34928417206	31	1.03448619498
1.39108514786	32	1.12755117026
1.43284320831	33	1.05334619712
1.47835803032	34	1.06369833681
1.52049422264	35	0.83291626346
1.56772613525	36	0.954498286385
1.61430501938	37	0.829112698632
1.65656518936	38	0.799224226423
1.69837522507	39	0.852045307024
1.73996400833	40	0.858510594897
1.78192400932	41	0.876707864202
1.82369303703	42	0.856655095552
1.8654551506	43	0.855174101217
1.90829014778	44	0.79321340587
1.95009422302	45	0.835216572383
1.99589705467	46	0.810322815915
2.03803110123	47	0.770098899642
2.08919119835	48	0.714085823037
2.13141512871	49	0.712955479033
2.1738960743	50	0.739558124793
2.21578717232	51	0.759555797752
2.25797510147	52	0.70342617846
2.30045819283	53	0.756524202527
2.34242010117	54	0.874773185362
2.39262199402	55	0.945894410254
2.43453621864	56	0.852060915219
2.48140215874	57	0.88809476051
2.52350211143	58	0.941367859292
2.57210016251	59	1.01514702268
2.62245106697	60	0.820194542117
2.66531705856	61	0.749290780037
2.70757007599	62	0.785675168586
2.74992108345	63	0.800046329314
2.79316902161	64	0.714408330999
2.83591914177	65	0.790199144463
2.87829113007	66	0.739983218874
2.92081308365	67	0.66082105869
2.96337103844	68	0.638053554174
3.00915813446	69	0.618989226002
3.05165600777	70	0.74169434048
3.10342121124	71	0.822491143876
3.14634609222	72	0.729596852378
3.18903303146	73	0.726123568471
3.23149800301	74	0.7715444786
3.27417111397	75	0.764864011776
3.31705617905	76	0.646448670646
3.36099004745	77	0.593535834897
3.40332603455	78	0.600140848941
3.44613909721	79	0.672795288611
3.49300003052	80	0.641540427772
3.53549814224	81	0.611091952946
3.58784103394	82	0.619048288172
3.63090801239	83	0.608625231048
3.67383122444	84	0.564962235311
3.71653604507	85	0.654545412074
3.75975322723	86	0.592916430097
3.80319404602	87	0.555701476847
3.84604501724	88	0.636711647787
3.88951420784	89	0.62919526145
3.93232107162	90	0.591787396366
3.97871017456	91	0.558549820654
4.02141213417	92	0.627168783181
4.06984901428	93	0.659325592069
4.1186811924	94	0.637736171
4.16207504272	95	0.581440899704
4.20528316498	96	0.594419242621
4.24793720245	97	0.559848823252
4.29057121277	98	0.605770582631
4.33320307732	99	0.635206599111
4.37643122673	100	0.644047933431
4.41958212852	101	0.632102248997
4.46221804619	102	0.586656907054
4.50534820557	103	0.623265792665
4.54800915718	104	0.786238478913
4.59729599953	105	0.652171311705
4.64044713974	106	0.624069249332
4.68287920952	107	0.693473112304
4.72577404976	108	0.650270122782
4.76857018471	109	0.588929133583
4.81137704849	110	0.601194769065
4.8541021347	111	0.54922963934
4.8969681263	112	0.499718739371
4.93956899643	113	0.628091320255
4.98595905304	114	0.635159274368
5.02865505219	115	0.607729625178
5.0780081749	116	0.562728426482
5.13005304337	117	0.627662352698
5.17344903946	118	0.511953400792
5.21586608887	119	0.610398302231
5.25883316994	120	0.565481463084
5.30157017708	121	0.544214935273
5.34414505959	122	0.570113964084
5.38691020012	123	0.657064784131
5.4297940731	124	0.564392111384
5.47224211693	125	0.553445201797
5.51714205742	126	0.551662818893
5.56296205521	127	0.583360634957
5.61654400826	128	0.526843417398
5.65952920914	129	0.549355428974
5.70195317268	130	0.587266839423
5.7447180748	131	0.545164656914
5.78824901581	132	0.521863292072
5.83110904694	133	0.533096963735
5.87408018112	134	0.61125390387
5.91712403297	135	0.591891348996
5.96018218994	136	0.585885407685
6.00622415543	137	0.557520522504
6.04925322533	138	0.552403221941
6.10219311714	139	0.528215084484
6.14581918716	140	0.527977759424
6.18883800507	141	0.585197479967
6.23196411133	142	0.485081942086
6.2750711441	143	0.521033284812
6.31831812859	144	0.501690736367
6.36160612106	145	0.503595483234
6.40471220016	146	0.549047401625
6.4480381012	147	0.55983502666
6.49471521378	148	0.545874551842
6.53768801689	149	0.60791837624
6.58997607231	150	0.570989149387
6.63409900665	151	0.509672096593
6.67738604546	152	0.482684288459
6.72038221359	153	0.568473357244
6.76352000237	154	0.526322151969
6.80664420128	155	0.437533181982
6.84950709343	156	0.522518968574
6.89297103882	157	0.41536609373
6.93568611145	158	0.514500033152
6.98224115372	159	0.49538389465
7.02547812462	160	0.483075744533
7.07408714294	161	0.521102161861
7.12316417694	162	0.458369362224
7.16674804688	163	0.439822869622
7.20978116989	164	0.492403710703
7.25298213959	165	0.461309925865
7.29609704018	166	0.452754512382
7.33941507339	167	0.459624292728
7.3902220726	168	0.457454172041
7.43309211731	169	0.488879251117
7.48058509827	170	0.453105869498
7.52376317978	171	0.460029308371
7.57094120979	172	0.460780076501
7.6231341362	173	0.440318481504
7.66674113274	174	0.450727066254
7.7099339962	175	0.577932453543
7.75302219391	176	0.475424188784
7.79763817787	177	0.522372162086
7.84025812149	178	0.478557092041
7.88396811485	179	0.454342483338
7.92690610886	180	0.454107861001
7.97016310692	181	0.446125209215
8.01664710045	182	0.429361916035
8.05948805809	183	0.472156393495
8.1121160984	184	0.446545968928
8.15569114685	185	0.428333374044
8.19897007942	186	0.434792738462
8.2425301075	187	0.457442503277
8.28545212746	188	0.451006033593
8.32896709442	189	0.436162513159
8.37290811539	190	0.417090522962
8.41592621803	191	0.42925253755
8.45895218849	192	0.434012903667
8.50609922409	193	0.438136148873
8.5495300293	194	0.44786500365
8.60051202774	195	0.501135949867
8.64392018318	196	0.470419443371
8.68746399879	197	0.452124619848
8.73027610779	198	0.438673035588
8.77344202995	199	0.48404364111
8.81657004356	200	0.445617961123
8.8597741127	201	0.446760054706
8.90301704407	202	0.440865414692
8.94655704498	203	0.431243128299
8.99343705177	204	0.435940304849
9.03652906418	205	0.452446744741
9.08770012856	206	0.405470724639
9.1804921627	207	0.416243608478
9.26047706604	208	0.424935529085
9.30427408218	209	0.431216532705
9.34797406197	210	0.435619796861
9.39154911041	211	0.455398358576
9.43519306183	212	0.43767284926
9.48258519173	213	0.462496443286
9.52656507492	214	0.474794935378
9.57496905327	215	0.461282743675
9.62717819214	216	0.481781438697
9.6712012291	217	0.462178957993
9.71470403671	218	0.453737711195
9.75829219818	219	0.465356691036
9.80267214775	220	0.468289565527
9.84640312195	221	0.452815861621
9.89060401917	222	0.468633687174
9.93439102173	223	0.443997643909
9.97789812088	224	0.447581855325
10.0238471031	225	0.441188128868
10.0711131096	226	0.456900174626
10.1267940998	227	0.450073263366
10.1709301472	228	0.445792031212
10.2143120766	229	0.430852882277
10.2576990128	230	0.429286943706
10.3009982109	231	0.429264426885
10.3443992138	232	0.444471267748
10.388007164	233	0.439782612169
10.4316320419	234	0.444012622504
10.4752311707	235	0.45328016589
10.5220351219	236	0.4575618721
10.5686430931	237	0.452797727381
10.6238090992	238	0.456552155464
10.6678640842	239	0.45476630837
10.7111990452	240	0.441939502525
10.7547430992	241	0.458506791929
10.7984712124	242	0.460009218461
10.8419551849	243	0.452576911066
10.8856160641	244	0.443097042832
10.9293000698	245	0.45155044875
10.9729311466	246	0.449340813296
11.0199990273	247	0.448334516965
11.0634901524	248	0.428928758287
11.115249157	249	0.442581522587
11.1586031914	250	0.438868094823
11.201898098	251	0.453444628797
11.2453870773	252	0.445859252191
11.2885961533	253	0.442690004632
11.3320860863	254	0.456758408414
11.3756010532	255	0.471320158418
11.4192340374	256	0.465695870494
11.4624810219	257	0.474217703529
11.5096311569	258	0.463804351431
11.552544117	259	0.449436286775
11.603728056	260	0.448111621593
11.6473591328	261	0.451722381251
11.6904740334	262	0.452945843234
11.7337200642	263	0.448412412679
11.7770280838	264	0.453808200123
11.8205389977	265	0.448946766849
11.8638191223	266	0.456257757582
11.9075350761	267	0.457028543712
11.9508039951	268	0.45333447888
11.9976630211	269	0.465685262211
12.0408480167	270	0.468816378891
12.0914831161	271	0.473343952631
12.1431570053	272	0.466751221617
12.1873140335	273	0.473426479124
12.2308540344	274	0.473726152611
12.2740750313	275	0.447754351094
12.3171420097	276	0.473066369575
12.3603122234	277	0.477079886382
12.4113571644	278	0.456611409201
12.4544901848	279	0.480314074633
12.5016841888	280	0.460434231391
12.545235157	281	0.46342478451
12.5972521305	282	0.464928673507
12.6431641579	283	0.445728285716
12.6867280006	284	0.445262921241
12.7302250862	285	0.480150609242
12.7735280991	286	0.460855258217
12.8167212009	287	0.459702605238
12.8601260185	288	0.445371675112
12.9035642147	289	0.441836670108
12.9469301701	290	0.432265662648
12.9943840504	291	0.433793202478
13.0379180908	292	0.427728617486
13.0879371166	293	0.448879111155
13.1408190727	294	0.44689315497
13.184898138	295	0.443305242364
13.228344202	296	0.44283145908
13.2715899944	297	0.428486396131
13.3149971962	298	0.436428575306
13.3593971729	299	0.443146738213
13.4027900696	300	0.473747973712
13.4462120533	301	0.457220558066
13.4936110973	302	0.467885653886
13.536837101	303	0.469045918883
13.585542202	304	0.46279474517
13.6350572109	305	0.465867208301
13.678809166	306	0.469504522343
13.7223720551	307	0.468826246154
13.7659161091	308	0.468714211025
13.8099880219	309	0.472395463639
13.8534340858	310	0.470086835002
13.897342205	311	0.460908966405
13.9406571388	312	0.47217705167
13.9842131138	313	0.47586026045
14.0299940109	314	0.484628857263
14.077050209	315	0.481109368881
14.1317090988	316	0.499214087423
14.175617218	317	0.475574141019
14.219050169	318	0.486065937727
14.2622551918	319	0.464132484296
14.305670023	320	0.472106421874
14.3490102291	321	0.472926185327
14.3922860622	322	0.470535860817
14.4356021881	323	0.484895604768
14.4787621498	324	0.489983682113
14.5257091522	325	0.491083569349
14.5689530373	326	0.490194185902
14.6211102009	327	0.492623668459
14.6647131443	328	0.486459577624
14.7078921795	329	0.482709261664
14.7511370182	330	0.467703576594
14.7943880558	331	0.476389986618
14.8378801346	332	0.472809307864
14.8814702034	333	0.473596528607
14.9249310493	334	0.479426716254
14.9685590267	335	0.491986747872
15.0160861015	336	0.482732343414
15.0593571663	337	0.476595521306
15.1104750633	338	0.458368036328
15.153960228	339	0.453359551521
15.1973330975	340	0.460087979014
15.2406291962	341	0.437751788205
15.2840681076	342	0.442977325409
15.3274931908	343	0.43408466779
15.3712081909	344	0.427025953905
15.4145851135	345	0.447115311624
15.458135128	346	0.466056990023
15.5054821968	347	0.460198643218
15.5487880707	348	0.462066636843
15.6013371944	349	0.464289798436
15.6467971802	350	0.451690046222
15.6905231476	351	0.452295220925
15.7340061665	352	0.450100145296
15.7776560783	353	0.446169035961
15.8215920925	354	0.44019417741
15.8653450012	355	0.459841742684
15.9094851017	356	0.46323682274
15.9532001019	357	0.459103664963
16.0002810955	358	0.45949477836
16.0439250469	359	0.458750939708
16.0976221561	360	0.458472154489
16.1498441696	361	0.4640576431
16.1940870285	362	0.465642263791
16.237814188	363	0.470217281062
16.2815480232	364	0.473039298448
16.3251740932	365	0.490881839323
16.3690450191	366	0.492222270108
16.4127690792	367	0.48930920563
16.4564340115	368	0.489549347508
16.5035841465	369	0.486291237412
16.5469770432	370	0.484560623479
16.5974972248	371	0.480432217649
16.6496942043	372	0.477843439486
16.6935210228	373	0.468695438895
16.7368872166	374	0.472296024387
16.7801730633	375	0.476656179892
16.8236880302	376	0.462139112375
16.8670520782	377	0.477331344674
16.9104440212	378	0.478126028973
16.9538030624	379	0.479859064675
17.0011360645	380	0.477631904502
17.044522047	381	0.473887825584
17.0949800014	382	0.48238832541
17.148332119	383	0.475886519706
17.19246912	384	0.471894339157
17.2360291481	385	0.479195135982
17.2796561718	386	0.480246912499
17.323113203	387	0.482039391378
17.3667240143	388	0.480937965128
17.4183130264	389	0.480500117295
17.4625470638	390	0.48001997633
17.5097491741	391	0.479829405774
17.5531930923	392	0.462447556078
17.6058650017	393	0.481502302859
17.6502702236	394	0.477540634637
17.6940550804	395	0.477033966982
17.7376961708	396	0.469420432366
17.7812771797	397	0.468902824514
17.8253340721	398	0.462208630402
17.8692281246	399	0.459285329631
17.9133360386	400	0.467560357711
17.9666202068	401	0.462458753065
18.0143082142	402	0.458165170409
18.0576581955	403	0.460242683563
18.1103971004	404	0.46031204573
18.1541700363	405	0.453612407453
18.1977159977	406	0.467561714205
18.2411720753	407	0.409064249
18.2848160267	408	0.399231426582
18.32842803	409	0.424570105856
18.3730602264	410	0.415216621994
18.4167170525	411	0.402889712211
18.4602510929	412	0.382626312353
18.5075511932	413	0.375698538048
18.5509910583	414	0.446446178242
18.601580143	415	0.464453999504
18.6520872116	416	0.468366958547
18.6962242126	417	0.396584922904
18.7398190498	418	0.380330227743
18.7834510803	419	0.378543111135
18.8270530701	420	0.383252063401
18.8707010746	421	0.38090311536
18.9142320156	422	0.3813731893
18.9576420784	423	0.37690715783
19.0046710968	424	0.382471781136
19.0479850769	425	0.381491471847
19.0981040001	426	0.38113181799
19.1513700485	427	0.380844488429
19.2010140419	428	0.379883207995
19.2445662022	429	0.379857283132
19.2878820896	430	0.379491417338
19.3313231468	431	0.379220448742
19.3746190071	432	0.378581359427
19.4180960655	433	0.3781746748
19.4615440369	434	0.378294640586
19.5088131428	435	0.378688594961
19.552298069	436	0.378942059522
19.6030750275	437	0.37883055481
19.6533942223	438	0.379522194024
19.6972110271	439	0.379382445152
19.7406380177	440	0.379430891032
19.7846271992	441	0.38174396422
19.8279809952	442	0.38229633178
19.8713400364	443	0.379789461799
19.9152171612	444	0.378538886742
19.9584901333	445	0.386259676331
20.0056240559	446	0.381649931105
20.0487320423	447	0.46607618211
20.0988781452	448	0.455824377744
20.1517271996	449	0.441094580429
20.1955990791	450	0.449324054798
20.2390911579	451	0.460421739934
20.2826731205	452	0.451946562514
20.3261480331	453	0.448848497345
20.3695361614	454	0.430105873663
20.4127550125	455	0.439331088845
20.4559562206	456	0.433572478515
20.5032629967	457	0.4263609586
20.5467040539	458	0.42606553452
20.595883131	459	0.441755692993
20.6458730698	460	0.440058383971
20.689838171	461	0.434391282874
20.7335212231	462	0.433694386422
20.7771840096	463	0.433913219251
20.8208091259	464	0.41633884762
20.8643200397	465	0.421893157168
20.9076280594	466	0.407272052326
20.9511539936	467	0.421420129324
20.9943771362	468	0.406262345981
21.040446043	469	0.392867396874
21.0868880749	470	0.379173743448
21.1419370174	471	0.414052882948
21.1858792305	472	0.41651939993
21.2293150425	473	0.444579794217
21.2724750042	474	0.454421768496
21.3157081604	475	0.438385329193
21.3590700626	476	0.438937545168
21.4025070667	477	0.4347210262
21.445854187	478	0.438294494085
21.4894042015	479	0.426094825618
21.5364181995	480	0.433229595579
21.5797681808	481	0.42675768725
21.6312501431	482	0.425917442835
21.6750330925	483	0.436495631402
21.7184841633	484	0.424519455896
21.7620921135	485	0.42583973219
21.8062942028	486	0.425771185142
21.8497240543	487	0.425660662262
21.8938100338	488	0.42557328924
21.9373781681	489	0.425110931699
21.9808471203	490	0.425506981756
22.0282661915	491	0.425792840515
22.0717830658	492	0.425743728107
22.1217191219	493	0.425870530044
22.1656241417	494	0.425582552731
22.2090930939	495	0.426446587185
22.2525582314	496	0.42711285246
22.2959680557	497	0.428895254855
22.3395051956	498	0.425524737484
22.3827931881	499	0.426272550011
22.4339141846	500	0.427149901484
22.4781351089	501	0.427888550069
22.5253341198	502	0.424087448093
22.5687551498	503	0.423576339215
22.6280181408	504	0.425480265888
22.6714200974	505	0.425305279736
22.7145760059	506	0.425169445505
22.7578811646	507	0.424800224734
22.8021900654	508	0.424865355844
22.8456120491	509	0.424401234236
22.8888981342	510	0.424588583596
22.9322111607	511	0.424403110681
22.9754900932	512	0.424606350956
23.0229330063	513	0.424396501119
23.0662992001	514	0.424503645072
23.1191780567	515	0.424297459333
23.1626701355	516	0.424562069768
23.2060751915	517	0.424345834631
23.2493591309	518	0.424482985975
23.2926552296	519	0.4254725742
23.3359820843	520	0.4256960139
23.3804881573	521	0.425603802769
23.4238111973	522	0.425620635122
23.4671800137	523	0.425586617198
23.5144081116	524	0.425600768881
23.5576090813	525	0.425463750399
23.6082601547	526	0.425627057608
23.660490036	527	0.425724847953
23.7045750618	528	0.426296740782
23.7480111122	529	0.426453597926
23.7920770645	530	0.426441914518
23.8353710175	531	0.426436734414
23.8792741299	532	0.426477643688
23.9223721027	533	0.426555468611
23.9655652046	534	0.426659249163
24.0127701759	535	0.426609447531
24.0560331345	536	0.426825641463
24.1067540646	537	0.426748537947
24.1600670815	538	0.426764032715
24.2040250301	539	0.426796886563
24.2473762035	540	0.426783803372
24.2905972004	541	0.426757293865
24.3337612152	542	0.425988181556
24.3769340515	543	0.424593622838
24.4202301502	544	0.42425253614
24.4634141922	545	0.417048940455
24.5104870796	546	0.415476731603
24.5538611412	547	0.422242502991
24.6031219959	548	0.382334851372
24.6513462067	549	0.388184728093
24.6947700977	550	0.396871706853
24.7380981445	551	0.412042531892
24.7814311981	552	0.427277612366
24.8245069981	553	0.433622106225
24.8677480221	554	0.433415038653
24.9109141827	555	0.423549102973
24.9543581009	556	0.435720361632
24.9977660179	557	0.438311979738
25.0443651676	558	0.434491064437
25.0908920765	559	0.432575655513
25.1460530758	560	0.432072282336
25.1900520325	561	0.431694001141
25.2334589958	562	0.428398318139
25.2769091129	563	0.42345682399
25.3204760551	564	0.421478808012
25.3638541698	565	0.422214810169
25.4072961807	566	0.423740172262
25.4505331516	567	0.42405692355
25.4938020706	568	0.423524380687
25.5410671234	569	0.423292606669
25.5842881203	570	0.423465307354
25.6368370056	571	0.423314753418
25.6803631783	572	0.423497923926
25.7236092091	573	0.421985951297
25.767013073	574	0.421416423091
25.8113090992	575	0.421251742035
25.8547000885	576	0.421314995495
25.8987681866	577	0.421269632926
25.9420590401	578	0.421893615469
25.9854500294	579	0.420241955735
26.0324621201	580	0.424205199963
26.0756192207	581	0.424719653158
26.1300830841	582	0.429013090089
26.1736261845	583	0.446758124006
26.2171521187	584	0.43454226522
26.2603771687	585	0.432317831946
26.3037850857	586	0.434449825596
26.3472621441	587	0.434112679175
26.3905260563	588	0.422534295364
26.4339680672	589	0.365372522059
26.4773471355	590	0.368189392642
26.5244231224	591	0.358645808918
26.567690134	592	0.358159252213
26.6201281548	593	0.368928926379
26.6639502048	594	0.375234218377
26.7076201439	595	0.358320836769
26.7512362003	596	0.36357599343
26.7946970463	597	0.361718959836
26.8382380009	598	0.406904803986
26.8816690445	599	0.431931415123
26.9254162312	600	0.404729515121
26.9689791203	601	0.387426505206
27.0165960789	602	0.374298927206
27.0603151321	603	0.359773297083
27.1108701229	604	0.371260551609
27.1642320156	605	0.412756781146
27.2086391449	606	0.416350892065
27.2525880337	607	0.41528659475
27.2963790894	608	0.41051491258
27.3401780128	609	0.424331478048
27.383934021	610	0.390243683754
27.4353570938	611	0.417549828216
27.4801361561	612	0.414831622575
27.5275511742	613	0.393606169941
27.5712351799	614	0.404497844087
27.6240851879	615	0.412874086586
27.6679301262	616	0.410252964499
27.7114591599	617	0.411266922334
27.7548511028	618	0.410113422886
27.7999629974	619	0.409342396034
27.8434932232	620	0.409111155244
27.8873510361	621	0.408982461891
27.9306931496	622	0.407716393727
27.9741740227	623	0.398393784693
28.0216610432	624	0.397959246964
28.0651111603	625	0.396463015175
28.1161801815	626	0.397220819483
28.1666932106	627	0.396738682476
28.2105410099	628	0.396956788238
28.2541182041	629	0.393271540007
28.2975292206	630	0.402406275533
28.3409461975	631	0.40057084617
28.3853151798	632	0.408796765212
28.4287161827	633	0.410074440803
28.472037077	634	0.408685895013
28.5195322037	635	0.408837467834
28.562967062	636	0.410953180853
28.6132750511	637	0.42154243702
28.6662480831	638	0.424357759281
28.7102401257	639	0.424708321896
28.7536411285	640	0.37441141612
28.7970809937	641	0.414580021756
28.8406131268	642	0.408719370549
28.8841562271	643	0.410802850635
28.9274411201	644	0.413807783141
28.9707980156	645	0.411346824625
29.0180511475	646	0.412341770725
29.0613911152	647	0.412214661322
29.1114141941	648	0.412362975875
29.1636610031	649	0.412438994216
29.207583189	650	0.412389186471
29.2510921955	651	0.412552782342
29.2945330143	652	0.412641550604
29.3379230499	653	0.413227771465
29.3813071251	654	0.413966227597
29.4246630669	655	0.414067332477
29.4679830074	656	0.415411764972
29.5150811672	657	0.434950443236
29.558270216	658	0.426389948198
29.6064112186	659	0.420456094581
29.6555922031	660	0.397017221398
29.6992340088	661	0.425307371071
29.7424201965	662	0.447910821801
29.7863090038	663	0.429036530823
29.829816103	664	0.438507280785
29.8734631538	665	0.397746937109
29.9167740345	666	0.41218538117
29.9600191116	667	0.415827661942
30.0034971237	668	0.418453360318
30.0505480766	669	0.412452623773
30.0972440243	670	0.403362146175
30.1511790752	671	0.404474264431
30.1952450275	672	0.40553543661
30.2388632298	673	0.404721750774
30.2827560902	674	0.408293720072
30.3265070915	675	0.407019091955
30.3702380657	676	0.403336243641
30.4138000011	677	0.402902052722
30.4576380253	678	0.403137472763
30.5015590191	679	0.403130000987
30.5486590862	680	0.406161690503
30.5921151638	681	0.40676168187
30.6458032131	682	0.408850490236
30.6895871162	683	0.407926064431
30.7333102226	684	0.407346883585
30.7769651413	685	0.406891461695
30.8209841251	686	0.406145083468
30.864795208	687	0.406043550622
30.9084410667	688	0.392262771482
30.9519691467	689	0.405250487002
30.995704174	690	0.405434737869
31.0431230068	691	0.404464754292
31.0868542194	692	0.403466364662
31.1389410496	693	0.403913060919
31.1827850342	694	0.40315905145
31.2267432213	695	0.403637555265
31.2705750465	696	0.402993930924
31.3142971992	697	0.40345276106
31.3578021526	698	0.402630107317
31.4014160633	699	0.403198342707
31.4450311661	700	0.402474683072
31.4887161255	701	0.403069686421
31.53602314	702	0.402361486275
31.5795621872	703	0.402971304257
31.6322851181	704	0.402273267405
31.675992012	705	0.402886095313
31.7196280956	706	0.402107044134
31.7632679939	707	0.402644635033
31.8075520992	708	0.401870001512
31.8510231972	709	0.402479088601
31.8951890469	710	0.387878681184
31.9386501312	711	0.387061090304
31.9824111462	712	0.386502433819
32.0297870636	713	0.387009881185
32.0733230114	714	0.386701453675
32.1254310608	715	0.388184810455
32.171995163	716	0.387780422278
32.2158710957	717	0.388344013784
32.2595291138	718	0.387833378848
32.3031051159	719	0.388286306195
32.3467011452	720	0.387022406332
32.3903951645	721	0.387193728406
32.4415810108	722	0.386657618869
32.4860022068	723	0.387423880187
32.5335681438	724	0.386998147318
32.5770421028	725	0.386932864633
32.6297750473	726	0.386962489476
32.6737031937	727	0.387000083515
32.7173631191	728	0.386866128558
32.7607691288	729	0.387241632655
32.8052580357	730	0.386619773151
32.8487000465	731	0.385725601623
32.8921830654	732	0.389085202776
32.9354691505	733	0.384381330445
32.9787640572	734	0.381862703375
33.0260281563	735	0.385103668072
33.0694332123	736	0.383468388647
33.1197621822	737	0.382194739846
33.172617197	738	0.381787323749
33.2165951729	739	0.381422437732
33.2602000237	740	0.376845253069
33.3037102222	741	0.377183774824
33.3473680019	742	0.375281203732
33.3909091949	743	0.374181135636
33.4343400002	744	0.374743241862
33.4776730537	745	0.37348672696
33.5250310898	746	0.372484575087
33.5684142113	747	0.373236676527
33.6184391975	748	0.371878576184
33.6715021133	749	0.373842089168
33.715542078	750	0.371543295569
33.7589371204	751	0.374954893913
33.8032400608	752	0.371173738208
33.8466341496	753	0.375437032334
33.8909311295	754	0.371057577658
33.9344382286	755	0.37403304087
33.9778540134	756	0.376898248915
34.0252501965	757	0.375053588131
34.0685300827	758	0.374637973007
34.1189181805	759	0.375945694878
34.1719670296	760	0.375805892136
34.2160460949	761	0.375935646523
34.2596321106	762	0.375764144748
34.3031301498	763	0.376119672059
34.3466210365	764	0.375785760752
34.3901851177	765	0.376180134051
34.4336562157	766	0.377591545361
34.4772810936	767	0.379659172878
34.5247850418	768	0.378450762494
34.5682890415	769	0.378186155796
34.6184082031	770	0.3780404247
34.6711301804	771	0.378006083391
34.7151231766	772	0.377956208127
34.7589120865	773	0.377923243727
34.802531004	774	0.377957266614
34.8463301659	775	0.377894745859
34.8899250031	776	0.377214959157
34.9336662292	777	0.376775197064
34.9772310257	778	0.377028327028
35.0244591236	779	0.37642924023
35.067936182	780	0.376146208806
35.1170861721	781	0.375954350018
35.1669521332	782	0.375792268175
35.2107419968	783	0.375761798887
35.2543270588	784	0.375522467615
35.2976770401	785	0.375133010059
35.3412280083	786	0.375087121288
35.3847210407	787	0.375092136582
35.4283230305	788	0.37504458188
35.4718801975	789	0.375008576987
35.5190720558	790	0.375064962157
35.5624241829	791	0.374951971663
35.6105780602	792	0.375045732161
35.6629261971	793	0.374884962152
35.7070560455	794	0.374516967113
35.7506740093	795	0.374126486425
35.7950251102	796	0.374271109075
35.8386390209	797	0.374000654664
35.8823461533	798	0.374301158817
35.9254951477	799	0.373997696375
35.968984127	800	0.374459160007
36.0127351284	801	0.374639546239
36.0592291355	802	0.374936564642
36.1057980061	803	0.374923916864
36.160774231	804	0.37557594231
36.2050411701	805	0.375701688801
36.2486941814	806	0.375596512202
36.29235816	807	0.37531445661
36.3359382153	808	0.375821223163
36.3795030117	809	0.375438991799
36.4230430126	810	0.375349378392
36.4665770531	811	0.375177876721
36.5103142262	812	0.375748121975
36.5575480461	813	0.374477452876
36.6026110649	814	0.372351665036
36.6555302143	815	0.370286072312
36.6996181011	816	0.369780806788
36.74330616	817	0.369226715697
36.7870221138	818	0.369337623512
36.8308751583	819	0.368871785278
36.8744990826	820	0.369617961363
36.9179902077	821	0.369440359672
36.9615080357	822	0.369702776816
37.0051422119	823	0.369349477517
37.052118063	824	0.369544310921
37.0955841541	825	0.370236248081
37.1473040581	826	0.369830181792
37.1908760071	827	0.368964785445
37.2343571186	828	0.369081109445
37.277900219	829	0.368767882943
37.3214640617	830	0.369365117737
37.364880085	831	0.36889006878
37.4083380699	832	0.369012709439
37.4586172104	833	0.368391134903
37.5023360252	834	0.368482656679
37.5493371487	835	0.36844609008
37.5925760269	836	0.368747476987
37.6427731514	837	0.370383589447
37.6866810322	838	0.370220328714
37.7303781509	839	0.369906356124
37.773966074	840	0.37010339548
37.8185260296	841	0.369777642532
37.8619811535	842	0.370038412908
37.9061491489	843	0.369845602299
37.9497220516	844	0.369986448523
37.9933650494	845	0.369666781723
38.0406811237	846	0.369945499623
38.084220171	847	0.369635908407
38.1372261047	848	0.370032725624
38.181210041	849	0.369581136109
38.2247200012	850	0.369899066627
38.268348217	851	0.369585269508
38.3118832111	852	0.370086455523
38.3555819988	853	0.369655678456
38.3996510506	854	0.369824066019
38.4431450367	855	0.369561654153
38.486593008	856	0.369879415697
38.5341582298	857	0.369735391731
38.5775902271	858	0.369692426438
38.628237009	859	0.369569952462
38.6807441711	860	0.369952560805
38.7249331474	861	0.36963619954
38.7685730457	862	0.369867446702
38.8121871948	863	0.369716254446
38.8555819988	864	0.369777252248
38.8992152214	865	0.369578749539
38.9427690506	866	0.369672078872
38.9864370823	867	0.369605731895
39.0338602066	868	0.370081149842
39.0774111748	869	0.369970200544
39.1278340816	870	0.370343660293
39.1808741093	871	0.369881585851
39.2251801491	872	0.370253833382
39.2686750889	873	0.370127977563
39.3122811317	874	0.370105723829
39.3557522297	875	0.369922156645
39.3994481564	876	0.370100554877
39.4430000782	877	0.369380502998
39.4865891933	878	0.370760718923
39.5452020168	879	0.370173997839
39.5884201527	880	0.369717930715
39.641228199	881	0.368367056468
39.6850831509	882	0.369232743469
39.7286641598	883	0.369075725524
39.7724220753	884	0.369428633669
39.8161802292	885	0.369281856599
39.8598861694	886	0.369646399926
39.9042642117	887	0.369427154263
39.9477472305	888	0.369863168769
39.9915220737	889	0.369439250518
40.0390751362	890	0.369749421263
40.0826401711	891	0.369500195023
40.1347520351	892	0.369827983025
40.1832561493	893	0.369544627827
40.2270350456	894	0.369823701067
40.2706592083	895	0.369630488589
40.314399004	896	0.369789465631
40.3579690456	897	0.36955335389
40.4017000198	898	0.369871004979
40.4452321529	899	0.369710842745
40.4886951447	900	0.369874490594
40.5363152027	901	0.369633785729
40.5797221661	902	0.369918606323
40.6304881573	903	0.36969785136
40.6829180717	904	0.369957764567
40.7269830704	905	0.369741222803
40.7705860138	906	0.369902273043
40.8141541481	907	0.369661785073
40.8576281071	908	0.369952320616
40.9012081623	909	0.369766479358
40.9446949959	910	0.369940541146
40.9883861542	911	0.369676018798
41.0357601643	912	0.369965987158
41.0792820454	913	0.369730450687
41.1297421455	914	0.369938736359
41.1828141212	915	0.369659871244
41.2270801067	916	0.369959739838
41.2707211971	917	0.369513964944
41.3143751621	918	0.369640279163
41.3580701351	919	0.369228614452
41.4015991688	920	0.369526081557
41.4452960491	921	0.369220661047
41.4888241291	922	0.369646466619
41.5361270905	923	0.369172029977
41.5795371532	924	0.369514155161
41.6299240589	925	0.369226197595
41.683008194	926	0.369500018063
41.7271740437	927	0.369321878079
41.7707350254	928	0.369475714853
41.8145060539	929	0.369219706045
41.8582141399	930	0.369514956587
41.9024381638	931	0.36924387136
41.9459722042	932	0.369499104783
41.9895350933	933	0.369239121589
42.0369400978	934	0.369493131086
42.0804400444	935	0.36918732241
42.1310191154	936	0.369596203532
42.1841521263	937	0.369149367802
42.2283630371	938	0.369481270157
42.2721030712	939	0.369172532083
42.3156690598	940	0.369531851673
42.3593661785	941	0.369087874992
42.403067112	942	0.369437617136
42.4545471668	943	0.369109234326
42.4988350868	944	0.369434044076
42.5465171337	945	0.369079835641
42.5899522305	946	0.369539624841
42.6428232193	947	0.369079454246
42.6868171692	948	0.369367890345
42.730672121	949	0.369080660668
42.7743971348	950	0.369361683146
42.8190550804	951	0.369233831031
42.8627641201	952	0.369452198278
42.9065330029	953	0.369362655236
42.9502000809	954	0.369554975435
42.9937691689	955	0.369249341995
43.041437149	956	0.369647940549
43.0849721432	957	0.369179937443
43.1360011101	958	0.36949345206
43.1862201691	959	0.369213207091
43.2301170826	960	0.369478868083
43.2737650871	961	0.369309262031
43.3173692226	962	0.369522854589
43.361066103	963	0.369698161759
43.4050471783	964	0.369322339854
43.448567152	965	0.369776364929
43.4921982288	966	0.367741860009
43.5396912098	967	0.363282357079
43.5831210613	968	0.361288210753
43.6334581375	969	0.363315394627
43.6862921715	970	0.364289283331
43.7303860188	971	0.364722039304
43.7740740776	972	0.364616143062
43.8176522255	973	0.364419182602
43.8612601757	974	0.36419301445
43.9055330753	975	0.364317955472
43.9490680695	976	0.364334891338
43.9926831722	977	0.36467598672
44.039951086	978	0.364046454614
44.083422184	979	0.364392990662
44.1339960098	980	0.364536771566
44.1870160103	981	0.364819921219
44.2312362194	982	0.364470606595
44.2748332024	983	0.364262567406
44.3184940815	984	0.364082641039
44.3620941639	985	0.364038878338
44.4055402279	986	0.363700181103
44.4493021965	987	0.362386361369
44.4929771423	988	0.36297166839
44.5402460098	989	0.363401787129
44.5836930275	990	0.363240402852
44.6345210075	991	0.363545655959
44.687251091	992	0.363459171277
44.7312970161	993	0.3633231498
44.7749431133	994	0.365427705011
44.8185791969	995	0.366607125096
44.8622231483	996	0.365531192605
44.9056341648	997	0.365269523697
44.9491531849	998	0.364937020733
44.9925951958	999	0.365246262335
