0.0584728717804	0	4.41829876345
0.121505975723	1	6.54217506308
0.173961877823	2	7.81569169729
0.226755857468	3	6.12397087664
0.279064893723	4	9.386072965
0.331187009811	5	6.7409876364
0.382488965988	6	6.00736844041
0.434319019318	7	4.53466664624
0.489735841751	8	5.72672873876
0.541558027267	9	6.16251056936
0.603996992111	10	5.73721876185
0.655233860016	11	7.95403967839
0.707012891769	12	6.18014196507
0.759041070938	13	6.57630483603
0.811002969742	14	6.77850664236
0.863077878952	15	5.67385928821
0.915484905243	16	6.37648489856
0.967803955078	17	5.27446978363
1.02417206764	18	6.64040617046
1.08282899857	19	4.92722790288
1.14451599121	20	6.81117359626
1.19705605507	21	7.75740938891
1.24865293503	22	7.34547798814
1.30145406723	23	5.7279077048
1.35320901871	24	7.1268342992
1.4052939415	25	7.3185906275
1.45687890053	26	7.0556233419
1.51201891899	27	5.7872946892
1.5676510334	28	6.53914342543
1.63063502312	29	5.13109972038
1.68283486366	30	4.55830635211
1.73466396332	31	6.9204645787
1.78768587112	32	6.70504783758
1.83974099159	33	5.02248409827
1.89128684998	34	4.95733360368
1.94358992577	35	4.38945374127
1.99932694435	36	5.44207876499
2.05116391182	37	5.09085694215
2.11095094681	38	7.00000511346
2.16300392151	39	5.85565290279
2.21518492699	40	6.85813750612
2.26729989052	41	5.8112152681
2.31915593147	42	6.21715335527
2.37082791328	43	5.3195727948
2.42260193825	44	5.67871576068
2.47455906868	45	6.1063671883
2.53680491447	46	5.32277763551
2.59903693199	47	5.51313772654
2.65113401413	48	6.47334187761
2.70310091972	49	5.13223357657
2.75516986847	50	5.78695672982
2.80653905869	51	5.96224945817
2.85858893394	52	7.37172729163
2.91012096405	53	5.92815264022
2.96167087555	54	5.49885625311
3.01716804504	55	5.48941025336
3.07236599922	56	5.25808439762
3.13451194763	57	5.01274190366
3.18645191193	58	5.30247349757
3.23811507225	59	5.07816087872
3.28982901573	60	4.28439420104
3.34144806862	61	5.31368598228
3.3934879303	62	4.48610920929
3.44549584389	63	5.33029666635
3.50143384933	64	5.47763683194
3.55315089226	65	4.90083832295
3.61186599731	66	6.06265757115
3.6646270752	67	4.13574552332
3.71630001068	68	6.00166102296
3.76840186119	69	5.27402514844
3.82054495811	70	6.4304959826
3.87304496765	71	5.11455894529
3.92475199699	72	5.56422072425
3.97581601143	73	5.0182646548
4.0314450264	74	5.31539748257
4.09240794182	75	5.62127406533
4.14888095856	76	5.63073260436
4.20086884499	77	6.47791099601
4.25308704376	78	7.5200741661
4.30443692207	79	4.86505821325
4.35602498055	80	4.59939952989
4.40814304352	81	3.8348963063
4.46038198471	82	6.35612841595
4.51543998718	83	4.67916892373
4.57067489624	84	5.48892819941
4.63258099556	85	3.93938005136
4.68497085571	86	5.7175254954
4.73671603203	87	6.00102675041
4.78878688812	88	4.30746370537
4.84090304375	89	4.68388166035
4.89271783829	90	4.57544391147
4.94455504417	91	5.19700997593
5.0002348423	92	4.13305280189
5.05159401894	93	5.84628041897
5.11118006706	94	4.59896991457
5.16450691223	95	4.4318859262
5.21661806107	96	4.74314248205
5.2679169178	97	5.44639178781
5.32024407387	98	5.14907514274
5.3721549511	99	4.70169881088
5.42407989502	100	6.32472146234
5.47645807266	101	4.58399906075
5.53173899651	102	4.28096057019
5.59274792671	103	4.71140701108
5.64984989166	104	4.9301718528
5.7020368576	105	5.5084545489
5.75370883942	106	5.49722973029
5.80594491959	107	5.0663029767
5.85791301727	108	5.24937036918
5.90972995758	109	6.14249543886
5.96161794662	110	4.7196250866
6.01708006859	111	5.66933837632
6.07197999954	112	6.43915575316
6.13453388214	113	6.04406935315
6.18697595596	114	8.94214781631
6.23947000504	115	6.31599919599
6.29143691063	116	6.96143373811
6.34351491928	117	6.42608588088
6.39526200294	118	5.50953692658
6.44701695442	119	4.52442708448
6.50217485428	120	6.30786795047
6.55441999435	121	4.98882461456
6.61355996132	122	6.30480789327
6.66557002068	123	5.76644219944
6.71704387665	124	5.64687016791
6.76947307587	125	6.26792994716
6.82097887993	126	6.58791404048
6.87294888496	127	5.2827391686
6.92568588257	128	5.40070216915
6.97744703293	129	4.76740801953
7.03321695328	130	4.94847969361
7.09395885468	131	5.70172657789
7.16222000122	132	5.34334731103
7.21420693398	133	5.64430012981
7.26698589325	134	5.4886648614
7.31829786301	135	6.10315456253
7.3694229126	136	6.14426814943
7.42158794403	137	5.37617540862
7.47326588631	138	5.22090626588
7.52539896965	139	4.51095530824
7.59135389328	140	5.87874414564
7.65201497078	141	5.45715073977
7.70461797714	142	4.80056012536
7.75601196289	143	4.78636286009
7.80785489082	144	5.19598103351
7.85978198051	145	5.28963763507
7.91146707535	146	5.20649308765
7.96350884438	147	5.3470228834
8.01915597916	148	5.68074349978
8.0736079216	149	4.35709641606
8.13724303246	150	4.92491374615
8.18949103355	151	5.80792565393
8.24169802666	152	5.29640908432
8.29306507111	153	4.98638430321
8.34519195557	154	5.85668941845
8.39703893661	155	5.25701304762
8.44909405708	156	5.51893993843
8.50431799889	157	4.64310651375
8.55515289307	158	5.24047397531
8.61522889137	159	5.64499545701
8.6669690609	160	5.4077604735
8.71797204018	161	5.1790495218
8.76937103271	162	5.59921153715
8.82103800774	163	6.51364595021
8.87233185768	164	5.22728996153
8.92389202118	165	6.22085263653
8.97605204582	166	4.76487945551
9.02810907364	167	5.51328822828
9.08580803871	168	5.10513974532
9.14347290993	169	5.45247207214
9.19555497169	170	6.02559493505
9.24728298187	171	5.97195526258
9.29886889458	172	5.32897223802
9.35048985481	173	6.06866261081
9.40237784386	174	6.4827996466
9.45414686203	175	5.61567773865
9.50965499878	176	5.74717973903
9.56057095528	177	6.73480293903
9.61963701248	178	6.33651002039
9.67129898071	179	6.29709275928
9.72285699844	180	6.03047922155
9.77439689636	181	6.21097623237
9.82644605637	182	7.04513686672
9.87823605537	183	5.43868675323
9.93027496338	184	5.28959670041
9.98205494881	185	6.63647836373
10.0370988846	186	6.61444182138
10.0964360237	187	5.1721641337
10.1556310654	188	5.78083397985
10.2077229023	189	6.33963710244
10.2594590187	190	5.88559446378
10.3112659454	191	5.38158354548
10.3631870747	192	6.1336705885
10.4148879051	193	6.58781197816
10.4666860104	194	5.92074239268
10.5225749016	195	6.21673285605
10.5776638985	196	7.20730048679
10.6403150558	197	6.50343631954
10.6932339668	198	6.88815806001
10.7445888519	199	5.51086963182
10.7964658737	200	6.66067180224
10.8478870392	201	7.62816048399
10.8993890285	202	6.07613357286
10.9512679577	203	5.99110774494
11.006759882	204	5.3735985424
11.0582659245	205	5.59785327981
11.1184198856	206	6.59976222279
11.1707069874	207	5.71084740888
11.2214539051	208	5.86271714577
11.2738509178	209	5.80321946948
11.3246240616	210	5.58946539389
11.3762478828	211	6.21150095741
11.4276559353	212	6.10383518765
11.4793260098	213	6.74758483361
11.5314910412	214	6.3857881574
11.5885858536	215	6.52782574307
11.6461539268	216	6.00048578854
11.6975550652	217	6.50088431341
11.7494609356	218	5.74463544614
11.8010320663	219	5.88531509871
11.8524758816	220	5.76829908067
11.9037148952	221	6.02008639358
11.9555399418	222	5.35981001565
12.0110108852	223	5.12826488278
12.0624198914	224	7.01123169112
12.1215610504	225	6.06525024336
12.1735889912	226	6.15441380058
12.2256309986	227	5.39304227018
12.2771048546	228	5.37964341709
12.3285329342	229	5.71937128072
12.3806140423	230	5.28594229952
12.4320569038	231	6.82160263264
12.4837110043	232	5.88823481582
12.5474748611	233	6.77134471603
12.6097319126	234	6.5243704207
12.6622319221	235	6.59678858958
12.7145240307	236	5.72154506949
12.7656400204	237	5.97970829654
12.817939043	238	6.23230388867
12.8694338799	239	5.57911158623
12.9215240479	240	6.1552508988
12.972424984	241	5.73265849386
13.0286669731	242	5.55078808524
13.0834670067	243	6.30868568382
13.1468138695	244	5.75306258986
13.1990799904	245	5.43386140975
13.2504639626	246	6.8589916789
13.3021099567	247	5.94122526324
13.3536698818	248	5.76174360193
13.4052958488	249	6.83098861967
13.4568650723	250	6.22223102537
13.5119478703	251	5.17670582082
13.564043045	252	6.0691605549
13.6225800514	253	6.41086476078
13.6745638847	254	4.31664923866
13.7267360687	255	5.28260328418
13.7783479691	256	6.66148601091
13.8288118839	257	6.41358573209
13.8805449009	258	6.46202900938
13.9322140217	259	5.90616709339
13.9838428497	260	5.5533968262
14.0354290009	261	4.9309296807
14.0933580399	262	5.56853105693
14.1503770351	263	5.14557040755
14.2029399872	264	5.33207524632
14.2546169758	265	5.57661281373
14.3072190285	266	7.23344472496
14.359680891	267	5.61906845591
14.4113838673	268	6.55084878366
14.462900877	269	5.576687791
14.51906991	270	5.96185251966
14.5710258484	271	6.11935731789
14.6309039593	272	6.84502557369
14.6823120117	273	6.73393312425
14.7337639332	274	6.19973620259
14.7853858471	275	5.75623127645
14.8373038769	276	5.92129483193
14.8889968395	277	5.70476383001
14.9413728714	278	8.10892988443
14.9926509857	279	6.0360411727
15.047066927	280	5.77888108619
15.1074938774	281	6.85512014609
15.1635499001	282	5.75012948178
15.2155430317	283	7.07033908331
15.2674958706	284	6.414154405
15.3195960522	285	4.17720622527
15.371008873	286	6.12423551916
15.4230179787	287	9.41743786009
15.4750230312	288	7.86991798516
15.529914856	289	6.53470397615
15.5843720436	290	6.17683279757
15.6478018761	291	5.71571204155
15.6999330521	292	5.44598175218
15.7518088818	293	5.7350287666
15.8034529686	294	7.34234905086
15.8547019958	295	5.44863062794
15.9062829018	296	6.57742768895
15.9580218792	297	4.89086921747
16.0136959553	298	6.10335372584
16.0654878616	299	9.82109433036
16.1264579296	300	6.86435398952
16.1783418655	301	5.72679814888
16.2295219898	302	7.15224656638
16.2816250324	303	6.22390753672
16.3332600594	304	6.39511662124
16.3850140572	305	6.3741868817
16.4370210171	306	5.95781480706
16.4886760712	307	5.75263894453
16.5439310074	308	6.98583940025
16.6031620502	309	5.22182515468
16.6636278629	310	5.8529331994
16.7159779072	311	4.79557840792
16.767729044	312	8.19850987887
16.8194539547	313	5.93149844007
16.8713829517	314	6.34383403888
16.923377037	315	6.59479768574
16.9752719402	316	5.3951483178
17.0312418938	317	7.03334744112
17.0861868858	318	6.14020280424
17.1495409012	319	6.98946200797
17.2016630173	320	6.07370072805
17.2547008991	321	6.64851299232
17.306540966	322	6.63101853376
17.3580880165	323	5.61756251903
17.409430027	324	5.93100786771
17.4610750675	325	6.29305641365
17.5162088871	326	6.78772929106
17.5756719112	327	6.9902086944
17.6356520653	328	8.02242188803
17.6877059937	329	6.26849715641
17.7392020226	330	5.61746881867
17.7907888889	331	5.12711263839
17.8439249992	332	7.79803822649
17.8950600624	333	5.74567132585
17.9481618404	334	6.45890238964
18.0036180019	335	5.65328421731
18.0546090603	336	6.81889358763
18.1161708832	337	6.15892486006
18.169054985	338	6.84582873336
18.2208900452	339	6.00013731117
18.272258997	340	6.32696454502
18.3238389492	341	5.66924649878
18.3758120537	342	6.88891753453
18.4273650646	343	5.47615618992
18.4796049595	344	6.0067102259
18.5350160599	345	6.51576186238
18.5907628536	346	5.55065770677
18.6535539627	347	6.93338622006
18.7055900097	348	5.92232713691
18.7569320202	349	5.93535213718
18.8092439175	350	7.58050860292
18.8607859612	351	5.63132659975
18.9128859043	352	6.15069598353
18.9641418457	353	6.68499563031
19.0189769268	354	6.3571450154
19.0714099407	355	6.0285899238
19.1307630539	356	5.41274434244
19.1832010746	357	4.92834995318
19.2342729568	358	5.34676773162
19.2858870029	359	5.69322831355
19.3374888897	360	4.52962307044
19.3893239498	361	6.25741973028
19.4412229061	362	5.64901329559
19.4929559231	363	4.94449367933
19.5484030247	364	6.61042637929
19.6080188751	365	5.66539512081
19.6677310467	366	6.51404980929
19.7203440666	367	6.81341010011
19.7720220089	368	4.9881175411
19.8232178688	369	5.66179346199
19.8752849102	370	7.38302164315
19.9270410538	371	5.3431108284
19.9793858528	372	5.79182868472
20.0350990295	373	5.52379137741
20.0898430347	374	5.70810763696
20.1528220177	375	6.66725606271
20.2049820423	376	4.32883696408
20.2573869228	377	5.08849790036
20.309155941	378	5.81034733813
20.3611218929	379	8.11834604976
20.4127640724	380	6.37445420837
20.4641308784	381	5.56811025116
20.5192530155	382	4.28932039335
20.570800066	383	5.94305643657
20.6311919689	384	7.52779500458
20.6833539009	385	5.68127591359
20.7351360321	386	5.96146101955
20.7868449688	387	6.48993022154
20.8388738632	388	7.34352966924
20.8905329704	389	5.7420737222
20.9425458908	390	4.79244735574
20.9944419861	391	5.98552259591
21.0502109528	392	5.474055175
21.1091558933	393	4.01791005361
21.170003891	394	6.13929929869
21.2219338417	395	6.86788975123
21.2737839222	396	5.76258936262
21.3257889748	397	5.56446355784
21.377961874	398	7.09591526321
21.429569006	399	5.17773643056
21.4810609818	400	7.11698710115
21.5372798443	401	7.68968377127
21.5919258595	402	4.9850358772
21.6547980309	403	6.84101457222
21.7068939209	404	5.51273910126
21.7587008476	405	6.85529615436
21.8108239174	406	5.43182889693
21.8624789715	407	6.52126205984
21.9156470299	408	5.13339954976
21.9679200649	409	6.51314990006
22.0238609314	410	4.94024437955
22.0758018494	411	6.41437139644
22.1349830627	412	6.84230279873
22.1866538525	413	5.29891158124
22.2396218777	414	6.55646425231
22.291451931	415	5.70463250371
22.343515873	416	5.83906146641
22.3952720165	417	5.82702502631
22.4465818405	418	6.64123278622
22.4978420734	419	6.14220229516
22.5612969398	420	7.1799557591
22.623044014	421	7.93444185208
22.6757369041	422	5.70758187512
22.7274580002	423	7.13055566372
22.7792859077	424	6.27868536396
22.8319959641	425	6.86541716263
22.8836040497	426	6.82343284901
22.9354979992	427	6.54914400987
22.9871828556	428	5.93257908361
23.0428948402	429	5.86228300394
23.0982680321	430	5.94656481323
23.1612570286	431	6.49031634359
23.2130918503	432	7.51035732832
23.2643928528	433	4.70994340557
23.3159840107	434	7.1101517778
23.3683688641	435	9.15852702389
23.4200310707	436	8.03404604802
23.4716558456	437	4.0581380888
23.5267939568	438	5.57451017849
23.5787580013	439	6.74490670273
23.6377189159	440	4.80155723233
23.6903150082	441	5.3453687128
23.7420089245	442	6.84494712575
23.7938270569	443	6.27143438535
23.8456070423	444	5.40281077631
23.8970780373	445	7.55220364328
23.9487669468	446	7.55851407117
24.0003068447	447	5.35358999594
24.0554099083	448	6.08759681985
24.1141240597	449	6.18899304663
24.1746959686	450	7.04066767862
24.2271709442	451	8.11681428287
24.2790958881	452	6.24577062852
24.3306488991	453	7.46499620504
24.3829269409	454	4.98675071273
24.434625864	455	7.46028385849
24.4859578609	456	4.70589303065
24.5410599709	457	6.6562789612
24.5960290432	458	5.88516204509
24.6589519978	459	6.23871362636
24.7112309933	460	4.53547031649
24.7628438473	461	7.02188784999
24.8146309853	462	6.33333245736
24.8661539555	463	6.06464734305
24.917801857	464	5.34114091085
24.969219923	465	4.80260597222
25.0248019695	466	4.91088574031
25.0762040615	467	5.73355155266
25.137595892	468	4.82189612972
25.1897749901	469	6.63166646518
25.2419509888	470	5.51047681064
25.2931058407	471	6.04611285911
25.3450138569	472	6.1996973432
25.3961470127	473	6.15482391538
25.4475588799	474	8.80390336276
25.4993450642	475	6.19152196748
25.5508918762	476	6.04366866302
25.6085350513	477	6.38321169219
25.6686420441	478	6.38724338096
25.7215240002	479	6.12174149811
25.7732970715	480	7.76013300104
25.8251099586	481	8.32518986611
25.8766739368	482	6.73718532189
25.9286739826	483	8.76058702376
25.9806640148	484	6.29892221134
26.0361340046	485	5.72660959782
26.0879428387	486	5.04909376185
26.1483910084	487	7.08493732969
26.2001788616	488	7.97254835088
26.2517449856	489	5.40445655196
26.3036909103	490	7.09706470458
26.3553090096	491	5.66817342128
26.4074928761	492	7.03890929686
26.4591500759	493	6.24628454464
26.5148968697	494	5.06595476672
26.5664889812	495	7.58072073737
26.6277298927	496	6.78154805333
26.6799149513	497	6.65744621171
26.7320070267	498	4.6963506757
26.7844128609	499	7.07285800203
26.8355588913	500	5.72085887893
26.8869979382	501	5.92350757817
26.9390690327	502	4.67835718347
26.9902799129	503	7.88829920851
27.0465919971	504	4.78815055421
27.1022529602	505	5.95834026107
27.165266037	506	7.11936683984
27.2172510624	507	5.23043501071
27.2765748501	508	5.7044933327
27.3364999294	509	6.0244567432
27.3886740208	510	6.47438182948
27.4400789738	511	6.73738564198
27.4919478893	512	5.26201066572
27.5475800037	513	5.8895592871
27.6072719097	514	7.03144381756
27.6676568985	515	5.17813632891
27.7189719677	516	5.03671924574
27.7707209587	517	5.65418058565
27.8234059811	518	6.35654583596
27.8748478889	519	5.66830679794
27.9261388779	520	6.25777283275
27.9780778885	521	5.48654191136
28.0332949162	522	7.36690409115
28.0846560001	523	5.50415766823
28.1440808773	524	6.83882740887
28.1956529617	525	6.4371165131
28.2472970486	526	6.30291331821
28.299202919	527	7.52514791722
28.3506028652	528	6.15383936625
28.4021718502	529	5.51846870108
28.4535088539	530	6.08905618913
28.5051779747	531	8.06375725782
28.565019846	532	6.84706649854
28.6252729893	533	5.51115059382
28.6814079285	534	5.68562337428
28.7330069542	535	5.58488070256
28.784142971	536	6.29150704697
28.835777998	537	6.66669720575
28.8876788616	538	6.26022657582
28.9390189648	539	6.54751087344
28.9904408455	540	5.94333555295
29.0460860729	541	6.53392883375
29.0981390476	542	5.44310504925
29.1608989239	543	6.12966712623
29.2131490707	544	6.18816455926
29.2657549381	545	6.92026962787
29.3178589344	546	6.47905167401
29.3698248863	547	5.25518598819
29.4209909439	548	6.36602429982
29.4728529453	549	7.09601854052
29.5288100243	550	5.49009946138
29.5803289413	551	5.70737026605
29.6422128677	552	7.0844605556
29.6937088966	553	7.04286193014
29.7454240322	554	8.03456858352
29.7972159386	555	7.18741059198
29.8486020565	556	7.08985929915
29.9005019665	557	5.42724435538
29.9521188736	558	6.67916772047
30.0036380291	559	4.67600937287
30.0549249649	560	6.15568936178
30.1108460426	561	4.98634315122
30.1717829704	562	6.22995063182
30.2235820293	563	6.92246511308
30.2754218578	564	5.53095322988
30.3269059658	565	5.30393377329
30.3787209988	566	6.50040689015
30.4300339222	567	6.69247445019
30.481648922	568	5.99264717837
30.5371739864	569	5.94443809635
30.5886900425	570	6.67145854624
30.6479029655	571	6.41783123147
30.6999020576	572	6.77515690286
30.7516958714	573	7.85589548006
30.8033139706	574	5.34591440174
30.8549799919	575	6.73007702357
30.906717062	576	6.57085613206
30.9587249756	577	5.1933560124
31.0106399059	578	6.69922008828
31.0656559467	579	6.99557551012
31.1249408722	580	7.85036653084
31.1846609116	581	6.23098011168
31.2369830608	582	6.40580309631
31.288230896	583	7.82702849826
31.3398330212	584	4.92637841154
31.3912050724	585	5.32834014938
31.4435708523	586	5.24201780256
31.4954490662	587	6.82377955072
31.5508308411	588	7.34331758552
31.6052489281	589	6.7042588975
31.6679198742	590	7.00457707176
31.720072031	591	6.66946329129
31.7719979286	592	5.46318175171
31.8238220215	593	4.5581697911
31.8755469322	594	6.14384281462
31.9279980659	595	7.74865193569
31.980025053	596	6.15674062492
32.0354208946	597	5.52281866884
32.0873160362	598	6.5486093466
32.1476280689	599	6.01849997477
32.1995179653	600	6.5720281012
32.2520179749	601	5.75446812203
32.3035418987	602	6.63580550296
32.3554809093	603	5.96824800079
32.4077138901	604	6.49956805912
32.460324049	605	6.55228549548
32.5119009018	606	5.9680271729
32.5668199062	607	9.89692807603
32.6356079578	608	5.11341204705
32.6878559589	609	6.05568654273
32.7395219803	610	7.2451723295
32.7914638519	611	6.16727828245
32.8447458744	612	6.63877414741
32.8969540596	613	6.21321140037
32.9489278793	614	6.60869268121
33.0005228519	615	5.2774734238
33.0557498932	616	6.98405986139
33.1107509136	617	5.24715118688
33.1726429462	618	7.59905583513
33.2242410183	619	6.41561696806
33.2765278816	620	6.58640931053
33.3281729221	621	5.91818754994
33.3794939518	622	5.62843330775
33.4316909313	623	5.69029343727
33.4832310677	624	5.31828525886
33.5385000706	625	6.48422587127
33.5906820297	626	7.96019128889
33.651018858	627	5.14908500178
33.7030229568	628	7.75611338118
33.7546918392	629	5.4859701891
33.8062849045	630	6.32449194844
33.8576438427	631	5.93080944761
33.9093339443	632	5.33469078933
33.9607758522	633	8.36101244583
34.0122559071	634	4.90442299872
34.0642640591	635	6.13553542148
34.1210730076	636	6.25524951071
34.1787829399	637	6.10244021611
34.2306509018	638	6.03861178196
34.2819199562	639	5.61603489606
34.3333978653	640	6.43505571043
34.385589838	641	6.4539477089
34.4374399185	642	7.61923251572
34.4888038635	643	5.27123914627
34.5441560745	644	7.76542020844
34.5953390598	645	6.32018062875
34.6544458866	646	7.14758922529
34.7058179379	647	6.2371263269
34.7573349476	648	7.29804357105
34.8084728718	649	5.38700229805
34.8600468636	650	6.11992523506
34.9114499092	651	6.0816417188
34.9632549286	652	4.7180703568
35.0145728588	653	8.68098666701
35.0700950623	654	4.72390499971
35.1285350323	655	7.84681496211
35.1903300285	656	6.5204269739
35.2422609329	657	8.0070189251
35.2938308716	658	6.32195871823
35.3456430435	659	5.86709168609
35.3972790241	660	5.68622179607
35.4490280151	661	6.49890178506
35.5001058578	662	5.37080622814
35.5552198887	663	5.32379086747
35.6058878899	664	6.12591698063
35.669262886	665	6.48660178084
35.7221670151	666	7.45853200581
35.7738358974	667	5.88629969266
35.8256790638	668	5.29437929623
35.8772909641	669	6.20528721532
35.928508997	670	5.22287597458
35.980273962	671	5.14967790221
36.0349919796	672	6.53100648999
36.0867919922	673	5.74923146552
36.1487538815	674	5.35619772188
36.2003550529	675	6.62605804356
36.2523519993	676	5.94692363507
36.3037118912	677	5.66891236312
36.3548469543	678	8.28826985163
36.4068498611	679	8.02506939598
36.4582738876	680	7.49429711183
36.5095038414	681	5.77447824639
36.564027071	682	7.17153788086
36.6187310219	683	6.50535534139
36.6801578999	684	6.68604529624
36.731951952	685	7.71910216826
36.783313036	686	6.76931171807
36.8346509933	687	5.75267168885
36.8867280483	688	6.35361499515
36.9390490055	689	7.73641348461
36.9909079075	690	4.75760955316
37.0466380119	691	4.88054646966
37.0985429287	692	5.23989191377
37.1574718952	693	6.55335651371
37.2087299824	694	5.66214242769
37.2612080574	695	5.85210958201
37.312650919	696	9.56836414258
37.3638870716	697	4.86973434952
37.4152860641	698	7.43911002259
37.4670319557	699	6.18333548762
37.5184290409	700	5.43152834064
37.5744290352	701	6.00574163906
37.6431670189	702	6.18827251555
37.6959910393	703	4.93184985707
37.7477388382	704	6.23822075498
37.7995500565	705	6.36539762527
37.8524808884	706	5.88616996995
37.9037139416	707	6.23683714095
37.9554688931	708	7.22962107364
38.006923914	709	6.71948715521
38.062322855	710	7.02452569083
38.117030859	711	7.68506735101
38.1801128387	712	6.36743951693
38.2324800491	713	6.26627724965
38.2839369774	714	5.26020291286
38.3356149197	715	6.78404495934
38.3872230053	716	6.72050002425
38.439166069	717	7.90605666054
38.4903068542	718	6.53570032034
38.5450558662	719	6.16328376969
38.5966289043	720	6.6086663196
38.6566538811	721	6.9928846669
38.7087578773	722	6.28799890539
38.7605440617	723	5.30672682942
38.812885046	724	5.73772125794
38.864579916	725	5.33390268221
38.9153008461	726	7.79574804977
38.9669499397	727	6.68587267713
39.0185279846	728	8.42533221266
39.0703408718	729	7.17636838354
39.1287488937	730	5.63560111941
39.1852319241	731	7.19940185743
39.2373869419	732	7.52726806597
39.2892279625	733	4.98780704459
39.340708971	734	7.40564684823
39.392621994	735	8.46396973421
39.4440748692	736	5.89408811251
39.4951400757	737	6.52659256671
39.5507659912	738	5.77564345178
39.6034998894	739	8.03751990995
39.6622209549	740	5.09681444468
39.7137439251	741	6.03312506535
39.7654159069	742	7.12656413587
39.8169870377	743	6.82600365407
39.8682188988	744	6.46940589937
39.9199938774	745	8.55272485602
39.9718308449	746	6.91328877818
40.0241889954	747	6.75007499945
40.0794739723	748	6.763623339
40.1387009621	749	4.45827295938
40.1986019611	750	5.98795959343
40.2511210442	751	5.51079061464
40.3029170036	752	4.39372608863
40.3545439243	753	5.79099842264
40.4063680172	754	7.98284461367
40.4580528736	755	7.34191709919
40.5098469257	756	7.58338752416
40.5657529831	757	5.62740331284
40.6202709675	758	5.5746975217
40.6827819347	759	6.334369179
40.7347369194	760	5.10708762714
40.7863779068	761	5.82282090265
40.8382489681	762	6.148035634
40.8905398846	763	5.83882433214
40.9420859814	764	5.74277297808
40.9935829639	765	6.93729220543
41.0490138531	766	5.62542321146
41.0998940468	767	6.0881718679
41.1604008675	768	7.18404613826
41.2122969627	769	7.83799662772
41.2639930248	770	6.02859828527
41.3149209023	771	6.69637315029
41.3665919304	772	6.82623082171
41.4189989567	773	5.51706005134
41.4701299667	774	6.24282678891
41.521520853	775	5.38478034573
41.5730378628	776	8.43479853871
41.6296379566	777	5.2829624008
41.6871728897	778	7.40686680194
41.7394120693	779	6.46019931451
41.7909648418	780	7.50808155864
41.842457056	781	5.95687490259
41.8935809135	782	6.49156889942
41.9459469318	783	7.24220882364
41.9982440472	784	6.83422753429
42.0538518429	785	7.67744890365
42.1057100296	786	8.6726982875
42.1643519402	787	6.83813513765
42.2161898613	788	6.27540641969
42.2683260441	789	9.43018474794
42.3207678795	790	6.0031331751
42.3725039959	791	5.76156618404
42.4247720242	792	6.00526528392
42.4767980576	793	5.70781492156
42.5281279087	794	7.33802566814
42.5832700729	795	6.36248231133
42.6522428989	796	8.63993752165
42.7039618492	797	5.11757835157
42.7552359104	798	6.0638618129
42.8075728416	799	5.46443486603
42.8593540192	800	6.06282707664
42.9110729694	801	5.9426190381
42.9629778862	802	5.00457662966
43.0148210526	803	8.80438811684
43.0706470013	804	7.13843508932
43.1257278919	805	6.48586430208
43.1880369186	806	8.3741477287
43.239618063	807	5.02971609368
43.2916009426	808	5.65609573674
43.3434510231	809	5.42752306042
43.3955230713	810	5.86136220399
43.4469149113	811	5.35480406513
43.4982478619	812	7.01167335075
43.5540509224	813	5.82722207607
43.6056599617	814	6.68912248495
43.6650509834	815	5.84394261389
43.716853857	816	7.06543357782
43.7682869434	817	5.36523368614
43.8200290203	818	6.77518164974
43.871710062	819	6.90379972805
43.9235289097	820	7.00984043395
43.9746899605	821	4.7488847293
44.026624918	822	6.21529687302
44.0783970356	823	6.01484146976
44.1365289688	824	6.88326797967
44.1944749355	825	6.24956177629
44.2458369732	826	5.98822188041
44.2974669933	827	7.16813688477
44.3488109112	828	5.54008737692
44.40092206	829	4.49512555209
44.4519019127	830	5.47457306286
44.503839016	831	5.15005537611
44.5592870712	832	5.74303391894
44.6106100082	833	7.17570465413
44.6697099209	834	6.7014859483
44.7209339142	835	5.96529413044
44.7723989487	836	6.9545681621
44.8245139122	837	6.91722179842
44.8762969971	838	5.95737239168
44.9285459518	839	6.68611448074
44.9804680347	840	7.40918226752
45.0314979553	841	6.27671083515
45.0869269371	842	6.09786933723
45.1461129189	843	5.01638120667
45.2054169178	844	7.84892464686
45.2576289177	845	5.76274248952
45.3083899021	846	5.54822047528
45.3596680164	847	6.40210850376
45.4121098518	848	5.90201397737
45.4637169838	849	4.73128443539
45.5156738758	850	5.3589186428
45.5708558559	851	5.26608553302
45.6236410141	852	6.03743041133
45.6865558624	853	6.26001607424
45.7391710281	854	7.22324368612
45.7906110287	855	6.32082791595
45.841960907	856	6.34995440712
45.8937759399	857	6.6141093075
45.94511199	858	6.16308796145
45.9969229698	859	4.33428949278
46.0520899296	860	6.43542767287
46.1036829948	861	6.26599952906
46.1656110287	862	5.87826381867
46.2175300121	863	6.41238085307
46.2692198753	864	7.86178411979
46.3211328983	865	5.54137488294
46.3731689453	866	6.70612678841
46.4249880314	867	6.54375182501
46.4764950275	868	6.28646753765
46.5280399323	869	6.76124909083
46.5800759792	870	7.34052015466
46.6373839378	871	5.60520352433
46.6937298775	872	5.68729083355
46.7450759411	873	6.71175100171
46.796489954	874	6.48033079008
46.8486468792	875	6.76334867007
46.9000940323	876	5.59334915995
46.9532580376	877	5.61644308291
47.0046958923	878	5.08645707167
47.059773922	879	6.2178514868
47.1118919849	880	5.13910274699
47.1708819866	881	6.06092705033
47.2230558395	882	8.73917073112
47.2760369778	883	7.10356031224
47.327507019	884	6.44516151606
47.3789548874	885	5.80763634385
47.4308190346	886	6.93307841554
47.4827070236	887	6.59015065367
47.5348830223	888	5.00677193666
47.5903809071	889	8.43974376169
47.6591050625	890	7.53095531289
47.7116210461	891	7.26582321888
47.7636649609	892	6.51923886541
47.8158578873	893	5.96808639749
47.8681030273	894	6.61872505878
47.9194939137	895	5.87682081316
47.9707429409	896	5.816358639
48.0230379105	897	6.05799182564
48.0788178444	898	7.16026132591
48.1336550713	899	6.48838705142
48.1955258846	900	6.38985338796
48.2474279404	901	6.45342494997
48.299478054	902	8.15991416478
48.3512430191	903	5.1811707514
48.4033019543	904	5.68913100572
48.4552419186	905	6.23460922413
48.5068569183	906	8.99906301872
48.5619900227	907	5.82314358841
48.6134078503	908	6.5729549198
48.672328949	909	7.0671687461
48.7244598866	910	8.69865726873
48.7764949799	911	4.56822344846
48.827368021	912	6.6770836983
48.8787519932	913	4.78617798609
48.9300808907	914	5.53895426239
48.9817688465	915	7.55779201473
49.0334279537	916	7.37431897642
49.0853600502	917	6.35656387605
49.1432099342	918	7.3638597959
49.2009539604	919	6.12892523362
49.2531869411	920	6.46707091218
49.3049938679	921	6.57862917135
49.3562660217	922	6.21627498377
49.4077339172	923	6.56449172359
49.4587318897	924	5.86539983415
49.5099139214	925	6.75602211814
49.565404892	926	6.99852199691
49.6174149513	927	6.54787762937
49.6759278774	928	5.93740453716
49.7274329662	929	5.81643658331
49.7787208557	930	7.97505849917
49.8303489685	931	5.83138903763
49.881551981	932	7.85950564139
49.9329619408	933	6.18411473624
49.9845888615	934	6.67883806147
50.0367798805	935	6.22857043445
50.0917670727	936	5.01872084271
50.1506850719	937	6.9740267723
50.2109160423	938	6.63280146623
50.2623980045	939	7.30534586867
50.3148570061	940	6.98028768061
50.3666610718	941	5.79652587
50.4179868698	942	5.92408141978
50.4699859619	943	5.67278447199
50.5214550495	944	6.22686780714
50.5762219429	945	6.69641834414
50.6314270496	946	6.39705759525
50.69363904	947	4.75330966546
50.7449638844	948	5.57210910995
50.7964420319	949	5.69864198321
50.8480088711	950	7.05234279845
50.8996610641	951	5.48829085853
50.9514620304	952	6.39036606678
51.0030150414	953	7.01153685468
51.0580739975	954	5.5372417062
51.1097068787	955	7.61601592789
51.1726288795	956	5.84597229301
51.2244310379	957	5.80813954421
51.2761650085	958	8.05278162916
51.327726841	959	5.55371752102
51.3791539669	960	7.50909682977
51.4308269024	961	4.85936109222
51.4827148914	962	5.7174389684
51.5345518589	963	6.37458065675
51.5860619545	964	5.02318770324
51.6427769661	965	6.2959480841
51.7002370358	966	4.72388728469
51.7516930103	967	6.62570585251
51.8036310673	968	4.7047657256
51.8546779156	969	6.75037945812
51.9062230587	970	6.2387574141
51.9577739239	971	9.08084976892
52.0091068745	972	5.86204373152
52.0648958683	973	7.1630979135
52.1164710522	974	6.47919610478
52.1762919426	975	7.92379228021
52.228687048	976	4.46789134191
52.2806210518	977	5.02174936818
52.3319358826	978	5.83138184897
52.3839149475	979	6.47117944416
52.4352948666	980	5.99039970475
52.4868369102	981	6.8925395127
52.5391788483	982	7.11943365725
52.5943660736	983	7.08150587357
52.6641030312	984	6.10481269858
52.7157380581	985	4.86402657181
52.7679479122	986	5.96372840344
52.8190820217	987	7.79420337258
52.8704750538	988	5.76227195142
52.9215760231	989	6.86975672278
52.9733710289	990	4.92580986427
53.0251288414	991	5.74406193769
53.0802009106	992	6.17826823388
53.1358139515	993	6.20131196907
53.1980998516	994	6.95033859302
53.249943018	995	6.24399173457
53.3015730381	996	7.0868994529
53.3531620502	997	7.79684672072
53.4048190117	998	5.89737650479
53.456553936	999	6.91439746718
