0.0307440757751	0	0.830620579749
0.076131105423	1	0.59431057883
0.115262985229	2	0.480931408259
0.153310060501	3	0.410484850932
0.199882984161	4	0.363164937825
0.238822937012	5	0.324631500925
0.27748298645	6	0.296424025021
0.316203117371	7	0.270673864393
0.354785919189	8	0.251572198877
0.393440008163	9	0.232978658321
0.432289123535	10	0.219268569604
0.471126079559	11	0.206748599312
0.509701013565	12	0.195452974475
0.548434019089	13	0.185460748837
0.590574979782	14	0.178506318216
0.629249095917	15	0.169448786637
0.672451019287	16	0.162796141623
0.720222949982	17	0.156995628622
0.75954914093	18	0.151796774133
0.798453092575	19	0.146495914173
0.837280035019	20	0.141518310009
0.876191139221	21	0.136997483704
0.915120124817	22	0.131610883024
0.954046964645	23	0.126930165637
0.993097066879	24	0.122743276347
1.03206110001	25	0.119199766494
1.07104992867	26	0.115782622604
1.11169099808	27	0.112098772006
1.15067005157	28	0.109310763355
1.19759702682	29	0.106207199252
1.23685693741	30	0.103365428272
1.27584910393	31	0.101008567138
1.31483197212	32	0.0987198338772
1.35372900963	33	0.0968896112071
1.3925819397	34	0.094969122426
1.43154191971	35	0.0927973780725
1.4702630043	36	0.0907198049699
1.50914597511	37	0.0891299422236
1.54793214798	38	0.0877965476588
1.59044313431	39	0.0858447741436
1.62937402725	40	0.0840733859919
1.67202305794	41	0.0830743648895
1.72274303436	42	0.0812842533614
1.76254296303	43	0.0804363502346
1.80147314072	44	0.0789521730982
1.84047007561	45	0.0780051720085
1.87935495377	46	0.0764550801553
1.91819214821	47	0.0752083613204
1.95717310905	48	0.0738166833242
1.99606895447	49	0.0721441496395
2.03487896919	50	0.0708454603484
2.07361698151	51	0.0696473312023
2.1159529686	52	0.0683316451095
2.15545797348	53	0.0670219158755
2.2012989521	54	0.0664498632493
2.24066996574	55	0.0651835577546
2.27975702286	56	0.0640235303276
2.31870412827	57	0.0632815836825
2.35763597488	58	0.0625687001031
2.39665198326	59	0.0618537811779
2.44327402115	60	0.0606762352899
2.48204898834	61	0.0598570466289
2.52092504501	62	0.0592417806525
2.55976891518	63	0.0586212238455
2.6025390625	64	0.0578876001006
2.64120411873	65	0.0570630133807
2.68706393242	66	0.0561739022926
2.73634505272	67	0.0556807493044
2.77710294724	68	0.055260426606
2.81611895561	69	0.0542764109181
2.8550131321	70	0.0536007160055
2.89408612251	71	0.0528761771626
2.9331510067	72	0.0527492328276
2.97220206261	73	0.0519513715721
3.01100802422	74	0.0516127931231
3.05000495911	75	0.0510322132053
3.09284305573	76	0.0502211331677
3.13181400299	77	0.0498175560936
3.17436408997	78	0.0491543942544
3.22496700287	79	0.048595952345
3.26463508606	80	0.0481969720187
3.30368709564	81	0.0474787957021
3.34267091751	82	0.0469651865774
3.38161897659	83	0.0462804207622
3.42044711113	84	0.0459120199007
3.45931792259	85	0.0454808032536
3.4979569912	86	0.04488142899
3.53672099113	87	0.0446739685229
3.57553100586	88	0.0441134370485
3.61813998222	89	0.0436575139588
3.65691399574	90	0.0431266654313
3.70394611359	91	0.0426254661214
3.74319195747	92	0.0420896402161
3.78223204613	93	0.0419500325024
3.8211350441	94	0.0416360014763
3.8600320816	95	0.0414146987472
3.8990521431	96	0.0409018305949
3.9380569458	97	0.0406602246943
3.97707891464	98	0.0402876021711
4.01612210274	99	0.0401554257005
4.05492806435	100	0.0396226714502
4.09752511978	101	0.0392602483373
4.13635993004	102	0.0383985601924
4.18096113205	103	0.038069087933
4.22723293304	104	0.0376796417578
4.266518116	105	0.037711410987
4.30543112755	106	0.0375274346273
4.34434604645	107	0.0370350903331
4.3833220005	108	0.0366964057264
4.42216706276	109	0.0364556037027
4.4610979557	110	0.0359631611168
4.49999213219	111	0.0357825061902
4.53910803795	112	0.0355033998713
4.57816910744	113	0.0352492362312
4.62081098557	114	0.0346483280456
4.65977597237	115	0.0346021615384
4.70553207397	116	0.0341609703098
4.74501609802	117	0.0342191645401
4.78411602974	118	0.0338716566086
4.82319402695	119	0.0337077486899
4.8621840477	120	0.033224106837
4.90103602409	121	0.0334366198513
4.94010591507	122	0.0330082703337
4.97898793221	123	0.0323847466832
5.01804614067	124	0.0322490880295
5.05706906319	125	0.0315380940799
5.09988212585	126	0.03123547614
5.13875412941	127	0.0314119627823
5.18238806725	128	0.0312038608682
5.22926497459	129	0.0308514775037
5.26873612404	130	0.0300033845268
5.30782294273	131	0.0303307610707
5.34679913521	132	0.0295135606085
5.3857550621	133	0.0296567165596
5.42463111877	134	0.0289956937286
5.46352696419	135	0.0293602871833
5.50233197212	136	0.028635054475
5.54124498367	137	0.0290339506873
5.5800409317	138	0.0281946711304
5.62254810333	139	0.0283945427057
5.66157197952	140	0.0278814459447
5.70741796494	141	0.0281485593267
5.74680495262	142	0.0271583967375
5.78588294983	143	0.0275038090544
5.82502794266	144	0.0267990707697
5.86409497261	145	0.0267234777963
5.90311908722	146	0.0265272024954
5.94202113152	147	0.0262721554087
5.98112106323	148	0.0258109892788
6.0201189518	149	0.0259969873845
6.05916595459	150	0.0256980908344
6.10179805756	151	0.025841581323
6.1406879425	152	0.0253338928708
6.18472504616	153	0.025450918626
6.2308280468	154	0.0253454102902
6.27004504204	155	0.0250055885634
6.30904507637	156	0.0250785571978
6.34801506996	157	0.0249751586119
6.38697195053	158	0.0247453197867
6.42888498306	159	0.0248510228557
6.46788191795	160	0.024323914487
6.50685811043	161	0.0244472133805
6.54570603371	162	0.0243695091101
6.58461904526	163	0.0240934102892
6.6256480217	164	0.0239084860187
6.66449093819	165	0.0238846812571
6.7125890255	166	0.0237075307688
6.75166106224	167	0.0239221218956
6.79057812691	168	0.0235568336804
6.8295609951	169	0.023694811616
6.86839413643	170	0.0232860343385
6.90741491318	171	0.0232206034975
6.94638299942	172	0.0231036579594
6.98535299301	173	0.0230510790765
7.02433800697	174	0.0228291558556
7.06327414513	175	0.0228314659019
7.10575914383	176	0.0226780787648
7.14459609985	177	0.0224663568674
7.18928098679	178	0.0224849828597
7.23425292969	179	0.022097366818
7.27342414856	180	0.0220222993221
7.3123281002	181	0.0215140337633
7.35125803947	182	0.0216642356568
7.39011311531	183	0.0215850417222
7.43691802025	184	0.0213941741288
7.47570896149	185	0.0210110036949
7.51463603973	186	0.0210659448729
7.55346894264	187	0.0209276443951
7.59616494179	188	0.0206951728261
7.63510513306	189	0.0206260349491
7.67710113525	190	0.0206142003801
7.72729897499	191	0.0204712994999
7.76686406136	192	0.0204103165301
7.80654811859	193	0.0203694221392
7.84547114372	194	0.0202196198306
7.88439393044	195	0.0204069396734
7.9233880043	196	0.0199929775642
7.96228003502	197	0.0203004417867
8.00104403496	198	0.0200799098612
8.03986001015	199	0.0200753060185
8.07870793343	200	0.0198993035875
8.11942195892	201	0.0195953557514
8.15905404091	202	0.0197733929207
8.20791602135	203	0.01964002514
8.24722313881	204	0.01960898641
8.29406905174	205	0.0193423922038
8.34333705902	206	0.0193050109621
8.38313007355	207	0.019373336082
8.42208814621	208	0.0191956417153
8.46105504036	209	0.0190469348994
8.50000405312	210	0.0192020115391
8.53887295723	211	0.0187805512114
8.57792711258	212	0.0189647155066
8.61910009384	213	0.0186777811585
8.65800094604	214	0.0188984980747
8.70644497871	215	0.0186908863
8.74644899368	216	0.018269077779
8.78554010391	217	0.0183296331339
8.8244509697	218	0.0181104460342
8.86339712143	219	0.0182122455543
8.90228414536	220	0.0178759179481
8.94111013412	221	0.0182653886963
8.98006105423	222	0.0179861553724
9.0189011097	223	0.0180708945179
9.05796599388	224	0.0178287680314
9.10050106049	225	0.0179236972829
9.13928103447	226	0.0179432359193
9.18145012856	227	0.0178249062311
9.23330402374	228	0.0176522848246
9.27301597595	229	0.0174805066113
9.31203508377	230	0.0175615772138
9.35083413124	231	0.0173376969018
9.38967394829	232	0.0174317302405
9.42858099937	233	0.0173846131104
9.4674050808	234	0.0173701213314
9.50628900528	235	0.0170228802591
9.54513692856	236	0.0172189345851
9.58394503593	237	0.0173116820076
9.62294793129	238	0.0168094847979
9.66195011139	239	0.0170944570774
9.71088194847	240	0.0170242522286
9.75009012222	241	0.0167676118491
9.78912806511	242	0.016739395173
9.82806992531	243	0.0166616159851
9.8669860363	244	0.0168820994279
9.90595793724	245	0.0164541808641
9.94488811493	246	0.0167629100672
9.98394393921	247	0.0165694045081
10.0229721069	248	0.0163749015195
10.0618619919	249	0.0164401228507
10.1045620441	250	0.0164317504779
10.1435639858	251	0.016031106421
10.1862180233	252	0.015994254954
10.2368631363	253	0.0160235214501
10.2764749527	254	0.015867677741
10.3153121471	255	0.0158359197059
10.3541929722	256	0.0159059438302
10.3928940296	257	0.0157476072363
10.4318940639	258	0.0155764312404
10.4708619118	259	0.0156607381761
10.5097260475	260	0.0152884916051
10.5485839844	261	0.0153799590574
10.5875511169	262	0.0152734232157
10.6300210953	263	0.0150250445354
10.6687579155	264	0.0150316870885
10.7146549225	265	0.0151352067446
10.7540440559	266	0.0149009773179
10.7931330204	267	0.0150235857
10.8323600292	268	0.0149976268325
10.8713071346	269	0.0148207558808
10.9102840424	270	0.0148343304719
10.9491529465	271	0.0148527000871
10.9878380299	272	0.0145930747684
11.0267810822	273	0.0146775329052
11.065778017	274	0.014615173389
11.1085669994	275	0.014558504663
11.1473691463	276	0.0146122438503
11.1906859875	277	0.0146005179442
11.2383790016	278	0.0143794183845
11.2776169777	279	0.0144934024045
11.3166940212	280	0.0144736547772
11.3555579185	281	0.0143338148158
11.3944051266	282	0.0141277231387
11.4334659576	283	0.0141369305301
11.4724719524	284	0.0142987383198
11.5113670826	285	0.0139848291854
11.5503931046	286	0.0141580011855
11.5893530846	287	0.0140105045884
11.631565094	288	0.0140950819826
11.6704931259	289	0.0142213325183
11.7163910866	290	0.0140716405059
11.7554891109	291	0.0139483503913
11.7944619656	292	0.0138319971615
11.8333950043	293	0.0135633055078
11.8723630905	294	0.0143169945129
11.9113109112	295	0.0138152178544
11.950273037	296	0.0135856197113
11.989287138	297	0.0137065363984
12.0282480717	298	0.0137951827449
12.0671319962	299	0.0137554038188
12.1097819805	300	0.0135753167487
12.1486349106	301	0.0135664121394
12.1921799183	302	0.0136103960292
12.239882946	303	0.0136434322757
12.279392004	304	0.0132123593769
12.3183031082	305	0.0134871132429
12.3572530746	306	0.0135169515661
12.396073103	307	0.0131659962331
12.4429080486	308	0.0132773973141
12.4816291332	309	0.0133426497683
12.5206041336	310	0.0132991542397
12.5594799519	311	0.0130425022391
12.6020429134	312	0.0133782581149
12.6409249306	313	0.0131752608792
12.6797640324	314	0.0130320595312
12.72864604	315	0.0132031608066
12.7678179741	316	0.0131088346533
12.8074030876	317	0.0131468420416
12.8464031219	318	0.012969106348
12.8851909637	319	0.0128568709055
12.9241011143	320	0.0129973248551
12.9629170895	321	0.012772821196
13.0019550323	322	0.013000766666
13.040872097	323	0.0126514443556
13.0798149109	324	0.0127947665007
13.1232039928	325	0.0127546642269
13.162001133	326	0.0127134366776
13.2084870338	327	0.012586006575
13.2540299892	328	0.0126969105357
13.2934560776	329	0.0126265691696
13.3323619366	330	0.0126749851667
13.3713171482	331	0.0125328220817
13.4101929665	332	0.0124618189556
13.4489340782	333	0.0125244421085
13.487803936	334	0.012417656958
13.5267140865	335	0.0125619915764
13.5656909943	336	0.0123767414693
13.6082029343	337	0.0124184485834
13.6469271183	338	0.0124592469232
13.6902599335	339	0.0125398132203
13.7415099144	340	0.0123359642997
13.7811961174	341	0.0120485234196
13.8202841282	342	0.0124674731157
13.8592169285	343	0.0124838162483
13.8981149197	344	0.0121856665888
13.9369001389	345	0.0122426926691
13.9757730961	346	0.0120626723378
14.0147271156	347	0.0120774975653
14.0535569191	348	0.0121802549675
14.0923500061	349	0.0119314946436
14.1344730854	350	0.0118749578553
14.1742630005	351	0.0121727168485
14.2198750973	352	0.0117149488049
14.2592339516	353	0.0121215420442
14.2982139587	354	0.0119418680288
14.3371510506	355	0.0118703727642
14.3760259151	356	0.0120026175851
14.4148700237	357	0.011927352509
14.4537899494	358	0.0116194135239
14.4927940369	359	0.0116608570829
14.5317521095	360	0.0115666354831
14.5706689358	361	0.0117205088215
14.613227129	362	0.0117674777394
14.6520800591	363	0.0116671225532
14.6958489418	364	0.0116549825692
14.7436161041	365	0.0113747351008
14.7829999924	366	0.0113671582614
14.8221430779	367	0.0114398430197
14.8610930443	368	0.0112674853565
14.900001049	369	0.0114012041904
14.9388561249	370	0.0115419058878
14.9777760506	371	0.0112747016318
15.0168559551	372	0.0111513192013
15.0558619499	373	0.0112349404678
15.0946769714	374	0.0111639444104
15.1371569633	375	0.0111295878216
15.1759300232	376	0.0109995123666
15.2215809822	377	0.0110933158756
15.260862112	378	0.010815625027
15.2998440266	379	0.0109813106205
15.3389370441	380	0.0107530762263
15.3779780865	381	0.0109620347814
15.4169399738	382	0.0108106363043
15.4558489323	383	0.0106672999908
15.4948019981	384	0.0108757342092
15.5336821079	385	0.0105545733347
15.5726180077	386	0.0109323351118
15.6154351234	387	0.0106095726344
15.654364109	388	0.0108207717934
15.6981179714	389	0.0105715838525
15.745691061	390	0.0106772418645
15.7849700451	391	0.0105599288766
15.8239340782	392	0.0105777630686
15.8632740974	393	0.0106264998142
15.9021670818	394	0.010491004615
15.9410769939	395	0.0106487891711
15.9799320698	396	0.0103794320418
16.0188441277	397	0.0104568072563
16.0577881336	398	0.0103302602769
16.0968019962	399	0.0103329034788
16.1387190819	400	0.0104998317488
16.1782460213	401	0.0104275265938
16.2238769531	402	0.0102632840694
16.2630500793	403	0.0103263463674
16.3019690514	404	0.0103288285848
16.3407869339	405	0.0101546146789
16.3796470165	406	0.0103328934129
16.4215819836	407	0.0101208738957
16.4604940414	408	0.0102235599381
16.4993429184	409	0.0100858259001
16.5382621288	410	0.0102359601914
16.577080965	411	0.0102888032774
16.6193470955	412	0.0100180921735
16.6581430435	413	0.010055399307
16.7022089958	414	0.00991914459148
16.7456459999	415	0.0099017899445
16.7847270966	416	0.00997284269249
16.8236711025	417	0.00978668039619
16.862580061	418	0.0101350184247
16.9012999535	419	0.00978078853605
16.9402010441	420	0.00986543248163
16.9791009426	421	0.00981676373644
17.0177519321	422	0.00971182507173
17.0565619469	423	0.00980698158258
17.0952529907	424	0.00989238046451
17.1342020035	425	0.00962301124868
17.1731860638	426	0.00969615942299
17.2212219238	427	0.00979703126961
17.2604780197	428	0.00973261299176
17.2993240356	429	0.00959708896379
17.3382489681	430	0.00954851856407
17.3769760132	431	0.00960229799946
17.4157259464	432	0.00952895073804
17.4623560905	433	0.00954302444043
17.5009820461	434	0.00953747927892
17.5397920609	435	0.00952165336724
17.5786499977	436	0.00956998586174
17.6211810112	437	0.00937548990443
17.6598711014	438	0.00935806100343
17.7040150166	439	0.00944492938357
17.7473120689	440	0.00926511956084
17.7872960567	441	0.00926349484482
17.8262081146	442	0.00925194223266
17.8648600578	443	0.00922833381245
17.9036200047	444	0.00923379299792
17.9425010681	445	0.00904715750195
17.9812629223	446	0.00933139727283
18.0199670792	447	0.00891881501687
18.0588560104	448	0.00917825563485
18.0976140499	449	0.00895142184697
18.140100956	450	0.00926642663907
18.1794631481	451	0.00895188733353
18.2251279354	452	0.00895117294771
18.2642540932	453	0.00904964475848
18.3031799793	454	0.00889448956034
18.3420479298	455	0.00897499956689
18.3809690475	456	0.00888282602079
18.4199330807	457	0.00886892656986
18.4588050842	458	0.00894275893649
18.4975619316	459	0.00879723406317
18.5363309383	460	0.008723312178
18.575138092	461	0.00912594320236
18.6177279949	462	0.00876291110855
18.6565971375	463	0.00864357693056
18.7002930641	464	0.00837316293606
18.7493300438	465	0.00867784372466
18.7889020443	466	0.0087084137442
18.8277790546	467	0.00872623413652
18.8665909767	468	0.00874253966383
18.9053800106	469	0.00858796031059
18.9442520142	470	0.0088502607291
18.9828460217	471	0.00862905980137
19.0216810703	472	0.00862357060368
19.0603699684	473	0.00863903584557
19.0993490219	474	0.00857603639454
19.1415059566	475	0.00874291183809
19.1802430153	476	0.00851619540845
19.2266790867	477	0.00847523775696
19.2658619881	478	0.00863740002971
19.3047671318	479	0.00850058311154
19.3436310291	480	0.0085614578353
19.3825719357	481	0.00846527319622
19.4215271473	482	0.00832804715294
19.4602251053	483	0.00859118250438
19.4990301132	484	0.00848176514011
19.5378501415	485	0.00830212714253
19.576556921	486	0.00846257874493
19.6191530228	487	0.00839789258582
19.657818079	488	0.00849653522116
19.6999950409	489	0.00832637095872
19.75116992	490	0.00842769119571
19.7907581329	491	0.00837773892051
19.829720974	492	0.0082307375437
19.8685419559	493	0.00840886542616
19.9072270393	494	0.00828894815494
19.9460880756	495	0.00825467613481
19.9849030972	496	0.00818222447584
20.0236880779	497	0.00834013218004
20.0624990463	498	0.0081928195905
20.1013309956	499	0.00815403332144
20.1436159611	500	0.00809704412893
20.1824400425	501	0.00823683531327
20.2281639576	502	0.00803118524374
20.2673230171	503	0.00813236788889
20.3062520027	504	0.00802200826359
20.344907999	505	0.00820642426105
20.3835959435	506	0.00803098538688
20.4222459793	507	0.0081188156274
20.4610190392	508	0.00812695711788
20.4999089241	509	0.00801580963889
20.5386769772	510	0.0081222764114
20.5772550106	511	0.00789842456213
20.6199090481	512	0.00805787226367
20.6586370468	513	0.00805329596131
20.700854063	514	0.00786259866938
20.7518661022	515	0.00801202811915
20.791549921	516	0.00787915658027
20.830532074	517	0.00780329265666
20.8694710732	518	0.00787675174123
20.9083220959	519	0.00787373887484
20.9469981194	520	0.00772074896666
20.9856719971	521	0.0077347618759
21.0245299339	522	0.00777416245323
21.063436985	523	0.00771836076233
21.1022191048	524	0.00784644806274
21.1410429478	525	0.0076717832331
21.1800229549	526	0.007789880422
21.2282660007	527	0.00757428311551
21.2673890591	528	0.00784639912377
21.3060510159	529	0.00766209222872
21.3447840214	530	0.00762936090987
21.383441925	531	0.00769061179934
21.4223151207	532	0.00749184854006
21.4612400532	533	0.00760348332046
21.4999780655	534	0.00749433187527
21.5388729572	535	0.0075307198508
21.5775339603	536	0.00752136293627
21.6199960709	537	0.00747902326265
21.6587049961	538	0.00757983743159
21.7006161213	539	0.00748796919786
21.7514951229	540	0.00736970755599
21.7911930084	541	0.00744536594969
21.830147028	542	0.00734330823055
21.8690359592	543	0.00743189681632
21.9076530933	544	0.00754978636212
21.9463851452	545	0.00739542119176
21.9851739407	546	0.00745848079482
22.0239880085	547	0.00739432511892
22.0628111362	548	0.00736202421372
22.1016321182	549	0.00720508864222
22.1406669617	550	0.00734881576184
22.1801860332	551	0.00724309633292
22.2282209396	552	0.00730935620383
22.2675640583	553	0.00732947984025
22.3065059185	554	0.00719663968493
22.3453330994	555	0.00724974154904
22.3843080997	556	0.00726474416818
22.4232320786	557	0.00716075151102
22.4698810577	558	0.00738271932736
22.5085971355	559	0.0071230184089
22.547467947	560	0.00720270126107
22.5863640308	561	0.00721527850908
22.6288750172	562	0.00716515039284
22.6676380634	563	0.00713117195795
22.7116620541	564	0.00704987203948
22.7551860809	565	0.00719489307776
22.7950401306	566	0.00707716570595
22.8337700367	567	0.00705070613222
22.8726079464	568	0.00695549304371
22.9114360809	569	0.00709423988208
22.9501550198	570	0.00696004102346
22.9888489246	571	0.00705679865314
23.027504921	572	0.00691457675702
23.0664489269	573	0.00696160251094
23.1053371429	574	0.00692599489074
23.143777132	575	0.00698194533973
23.1823980808	576	0.00694288597743
23.2303340435	577	0.0068372323934
23.2695150375	578	0.00694166633777
23.3084471226	579	0.00695263059909
23.347358942	580	0.00701141461699
23.3861911297	581	0.00690414101037
23.4249889851	582	0.00689807039723
23.4638240337	583	0.00681555087421
23.5026390553	584	0.00672144015488
23.5415401459	585	0.00679096773487
23.5802230835	586	0.0069081139487
23.6228129864	587	0.00682213080258
23.6615021229	588	0.00678270090756
23.7043321133	589	0.0067589097475
23.7552859783	590	0.00680856274366
23.7950289249	591	0.00671371011407
23.8339829445	592	0.00677509442243
23.8727769852	593	0.00670052818849
23.9116959572	594	0.00672809562493
23.9503240585	595	0.00661728905971
23.9891719818	596	0.00666573047211
24.0279090405	597	0.00661589745527
24.0666630268	598	0.00671192590355
24.1054999828	599	0.00662732514877
24.1444649696	600	0.00660354039195
24.1833689213	601	0.00648081953269
24.2314810753	602	0.00668370810385
24.2707190514	603	0.00647034954824
24.3097350597	604	0.00668456896949
24.3485651016	605	0.00662366808521
24.3873479366	606	0.00661385168095
24.4260079861	607	0.00659121830021
24.4646470547	608	0.00651748368693
24.5033290386	609	0.00653429988214
24.5420639515	610	0.00652371277283
24.5808279514	611	0.00643103558796
24.6232340336	612	0.0064104848504
24.6619589329	613	0.00647203444433
24.7035109997	614	0.00639909339099
24.7540071011	615	0.00640272261662
24.7937350273	616	0.00635996379844
24.8327100277	617	0.00641940224408
24.8714959621	618	0.00638041656105
24.9102859497	619	0.00633949994147
24.9490060806	620	0.006298613424
24.9879300594	621	0.00639304032329
25.0267090797	622	0.00632628083099
25.0656089783	623	0.00635707623287
25.1044940948	624	0.0062551567617
25.144297123	625	0.00643938205079
25.1832010746	626	0.00645315981439
25.2311799526	627	0.00626990769908
25.2713279724	628	0.00630303248873
25.3104031086	629	0.00620153234249
25.3491940498	630	0.00625761274929
25.3879039288	631	0.0061359533805
25.4267339706	632	0.0062557586195
25.4655590057	633	0.00618460718691
25.5044410229	634	0.00628588102544
25.5431230068	635	0.0062263428343
25.5819220543	636	0.00613888731734
25.6243240833	637	0.00607418473193
25.6629729271	638	0.00613282648752
25.7049219608	639	0.00608083929204
25.7558641434	640	0.00610912576493
25.7953739166	641	0.00615886449121
25.8342730999	642	0.00602283273638
25.8731000423	643	0.00620705042546
25.9119400978	644	0.00606724395716
25.950906992	645	0.00604705378316
25.9896819592	646	0.00606341228527
26.0285580158	647	0.0059967262535
26.0674641132	648	0.0059507100494
26.1062860489	649	0.00601879374803
26.1457190514	650	0.0059638226185
26.1845769882	651	0.00597420182325
26.2323989868	652	0.00596496457791
26.2723720074	653	0.0058963532968
26.3113260269	654	0.00598584390298
26.350194931	655	0.006029223607
26.3892140388	656	0.00600078677864
26.4303741455	657	0.00601565080498
26.4692969322	658	0.0059323460021
26.5081031322	659	0.00586473421441
26.5468051434	660	0.00586304514756
26.5856261253	661	0.00591182124091
26.6281459332	662	0.00591666370969
26.6668100357	663	0.00594048746675
26.7089791298	664	0.00580599184665
26.7598130703	665	0.00579587602335
26.7995131016	666	0.00572344293361
26.8384919167	667	0.00582034830186
26.8773150444	668	0.00578005231727
26.9162261486	669	0.00580452163058
26.9549639225	670	0.00583508498921
26.9938471317	671	0.00594571611357
27.0326290131	672	0.00577971827321
27.071639061	673	0.00571134336053
27.1105160713	674	0.0058000679982
27.149627924	675	0.00577381240806
27.188436985	676	0.00577493300569
27.2366781235	677	0.00578118087232
27.2757549286	678	0.00577531662187
27.3146359921	679	0.00562872291876
27.3534591198	680	0.00588789818407
27.3922660351	681	0.00574545333219
27.4310131073	682	0.00568860898148
27.4775221348	683	0.00568142098178
27.5161299706	684	0.00569070101222
27.5546951294	685	0.00560613761904
27.5934870243	686	0.00572333754265
27.6359410286	687	0.00563929204513
27.6746809483	688	0.00570134248768
27.7192051411	689	0.0055701905501
27.762417078	690	0.0055671973262
27.8022301197	691	0.00553782552494
27.8409371376	692	0.00562519489015
27.8796889782	693	0.00564002670221
27.918587923	694	0.00555406518168
27.9573800564	695	0.00561950210674
27.9962360859	696	0.00561402522047
28.0351691246	697	0.0055013267367
28.0738649368	698	0.00550736391809
28.1135160923	699	0.00547940847364
28.1565270424	700	0.00552157786145
28.1953561306	701	0.00546976621319
28.2408640385	702	0.00556371002841
28.2800130844	703	0.00545573020079
28.3187699318	704	0.00551142656984
28.3574831486	705	0.00537723079969
28.3963160515	706	0.00551898269602
28.4350190163	707	0.00550903206066
28.4738810062	708	0.00537684711042
28.5126609802	709	0.00545412154136
28.5517120361	710	0.00542539448785
28.590585947	711	0.00542485666421
28.6333539486	712	0.00542863777152
28.672121048	713	0.00531177894748
28.7160890102	714	0.0053686001284
28.7640039921	715	0.00535085168272
28.8032739162	716	0.00540675250065
28.8421449661	717	0.00526429181129
28.8808641434	718	0.00537250064723
28.9197540283	719	0.00537116138068
28.9586031437	720	0.00525703843533
28.9974651337	721	0.00534428623176
29.0364539623	722	0.00533517608661
29.0752661228	723	0.00533913956688
29.1139929295	724	0.00521930369302
29.1563251019	725	0.00530788797491
29.1950199604	726	0.00523393557568
29.2416670322	727	0.00520948692056
29.2806870937	728	0.00532733196525
29.3195240498	729	0.00524613812793
29.358299017	730	0.00531788346251
29.3969430923	731	0.0051817578311
29.4357841015	732	0.00522839241528
29.474709034	733	0.00514580483767
29.5135970116	734	0.00527343289558
29.5524380207	735	0.00519085173774
29.5912489891	736	0.00524765753568
29.6340410709	737	0.00517513367655
29.6726391315	738	0.00522534570785
29.7150580883	739	0.00517594337788
29.7659380436	740	0.00512553901117
29.8054890633	741	0.00531130055662
29.8445429802	742	0.0052314251454
29.8833940029	743	0.00511907706602
29.9222350121	744	0.00521509008171
29.9610481262	745	0.00520120851822
29.9997141361	746	0.00503871899676
30.0384869576	747	0.00512889486721
30.0773060322	748	0.00519764302574
30.1161201	749	0.0050154909279
30.1590430737	750	0.0052162624163
30.197742939	751	0.0050434395397
30.2432720661	752	0.00509759076593
30.2823560238	753	0.00503900272134
30.3211429119	754	0.00507572804862
30.3598809242	755	0.00500145908887
30.3986730576	756	0.00499053144549
30.4374251366	757	0.00503893838756
30.476334095	758	0.00498187652346
30.5151119232	759	0.00506305135121
30.5539970398	760	0.00504931738594
30.5927739143	761	0.00495872813347
30.6355249882	762	0.00504338332921
30.6742560863	763	0.00501668050861
30.716561079	764	0.004977780925
30.7675850391	765	0.00502426217573
30.8072869778	766	0.00501780269442
30.8462529182	767	0.00498208350393
30.8852441311	768	0.00489858329095
30.9242510796	769	0.00497629882922
30.9632201195	770	0.00492735718384
31.0018799305	771	0.00492079061486
31.0406939983	772	0.00493036050661
31.0795550346	773	0.00494238153559
31.1184251308	774	0.00498486606118
31.1607511044	775	0.00493812432672
31.1993920803	776	0.00495515962913
31.2452089787	777	0.0049011899753
31.284277916	778	0.00492554966179
31.3232600689	779	0.00490294843259
31.3620100021	780	0.00488080133944
31.4006569386	781	0.00494204017079
31.4394099712	782	0.00489032536794
31.4781370163	783	0.00479173646406
31.5168890953	784	0.00493938003914
31.5556149483	785	0.00483428852777
31.5943491459	786	0.00489035380468
31.6368710995	787	0.0048253606877
31.6756129265	788	0.00491562904241
31.7177591324	789	0.00480612271205
31.7691709995	790	0.00489253440943
31.8087589741	791	0.00480393837286
31.8479261398	792	0.00483425019629
31.8869481087	793	0.00479131416735
31.9258170128	794	0.00479157773445
31.9647500515	795	0.00479634711564
32.0036039352	796	0.0048136701265
32.0425651073	797	0.00477614885652
32.0813729763	798	0.00477676881274
32.1202261448	799	0.00472887442457
32.1634750366	800	0.00482753827326
32.2021861076	801	0.00474299835543
32.2475371361	802	0.00469634848858
32.2866621017	803	0.00475152583017
32.3256180286	804	0.00469521712148
32.3644549847	805	0.00470807410388
32.4032421112	806	0.00467637742425
32.4421961308	807	0.00467429995691
32.4887831211	808	0.00466232536284
32.5274670124	809	0.0046611560517
32.5662910938	810	0.00469168198942
32.6052291393	811	0.00461792355433
32.6479971409	812	0.00468376829741
32.6867339611	813	0.00454893859493
32.7324841022	814	0.00461695742613
32.7825810909	815	0.00463752255295
32.8223359585	816	0.00464829843237
32.8611590862	817	0.0046267135703
32.9000320435	818	0.00464388092894
32.9388039112	819	0.0045419954469
32.9777569771	820	0.00460967444205
33.0166370869	821	0.00453479215193
33.0555050373	822	0.00461491842908
33.0942680836	823	0.00453005320699
33.1378591061	824	0.00457830082899
33.1765890121	825	0.00463288165081
33.2185919285	826	0.00457367280884
33.2696430683	827	0.00457705122993
33.3090801239	828	0.0046938163716
33.3479671478	829	0.00454696655542
33.3867199421	830	0.00450169479556
33.4255290031	831	0.00453640779923
33.4644010067	832	0.00449718859103
33.5032060146	833	0.0045313835531
33.5420811176	834	0.00453311333516
33.580892086	835	0.00450466013564
33.6197800636	836	0.00452205573026
33.6587209702	837	0.00452730773067
33.6986119747	838	0.00449419480902
33.74741292	839	0.00450350890851
33.7864620686	840	0.00449397148826
33.8253779411	841	0.00443955816645
33.8642659187	842	0.00443868171908
33.9031281471	843	0.00443529661484
33.9418740273	844	0.00450209018866
33.9806420803	845	0.00450319120634
34.0195100307	846	0.0044440901139
34.0584490299	847	0.00436849433831
34.0972759724	848	0.00441125063668
34.1400520802	849	0.00439133015391
34.1793949604	850	0.00447954938194
34.2216389179	851	0.00446922750509
34.2724280357	852	0.00440488943632
34.31199193	853	0.00443109361606
34.3511121273	854	0.00440626495975
34.3899350166	855	0.00445483948756
34.4286501408	856	0.00439537099109
34.4675409794	857	0.00439856517955
34.5064029694	858	0.00440324276562
34.5452311039	859	0.00441701620444
34.5841751099	860	0.00440379756383
34.6229510307	861	0.00439226145293
34.6651940346	862	0.00434640003957
34.703815937	863	0.00439888986825
34.7508380413	864	0.00432522173102
34.7900030613	865	0.00441668405477
34.8289320469	866	0.00430765688437
34.867923975	867	0.00436123730985
34.9067521095	868	0.00442306696315
34.9456031322	869	0.00433888955312
34.9845499992	870	0.0043383001801
35.0233590603	871	0.00430145407254
35.0621130466	872	0.00432758918568
35.1008019447	873	0.00432385741089
35.1431829929	874	0.00429332081721
35.1819250584	875	0.00439647515443
35.2242069244	876	0.00432092162896
35.2750220299	877	0.00425852230251
35.314563036	878	0.00429795155651
35.3534519672	879	0.0042210817575
35.3922979832	880	0.00426821382628
35.4309971333	881	0.0043040194407
35.4697620869	882	0.00431784224222
35.5086209774	883	0.0041890598377
35.5474460125	884	0.00426590260952
35.5863130093	885	0.00421084630117
35.625109911	886	0.0042161935284
35.6672840118	887	0.00420666396132
35.7060749531	888	0.00427301040301
35.7517831326	889	0.00423104158213
35.791036129	890	0.00422257026866
35.8300020695	891	0.00419914318433
35.8691470623	892	0.0042535057388
35.9079759121	893	0.00427044598676
35.9467170238	894	0.00416605033023
35.9854941368	895	0.00416640566625
36.0243330002	896	0.00417119774185
36.0631279945	897	0.00412223738874
36.1018819809	898	0.00416189275318
36.1443300247	899	0.0041727788396
36.1832211018	900	0.00422427963585
36.2257990837	901	0.00422908242115
36.2762510777	902	0.00411990138127
36.3158779144	903	0.00412219782228
36.3548481464	904	0.00420325238027
36.3937799931	905	0.00414833679859
36.4324791431	906	0.00426929976325
36.4712629318	907	0.00409805434892
36.5101399422	908	0.00405890625132
36.5491030216	909	0.00412840681853
36.5879161358	910	0.00395147166907
36.6266760826	911	0.0040784997997
36.6687920094	912	0.00397455391158
36.707406044	913	0.00411969359937
36.7530460358	914	0.00394339511509
36.7921640873	915	0.00404450378662
36.8309221268	916	0.00399239607979
36.869754076	917	0.00401929132714
36.9086511135	918	0.00408299638237
36.9474549294	919	0.00396956030424
36.98624897	920	0.00397430091876
37.0251431465	921	0.0040483497375
37.0640821457	922	0.00402461460994
37.1028029919	923	0.00398323882394
37.1451380253	924	0.00398258365192
37.1838760376	925	0.0039868426753
37.225935936	926	0.00392210149248
37.2772769928	927	0.00396777192173
37.3169090748	928	0.00392898202862
37.3558280468	929	0.00397338997429
37.3945260048	930	0.00394387996124
37.4333920479	931	0.00399225344131
37.4722371101	932	0.00382224881034
37.5172021389	933	0.00397469882244
37.5557079315	934	0.00391062542654
37.5944840908	935	0.00394109829852
37.6332709789	936	0.00386421707884
37.6744301319	937	0.00391936144506
37.7130191326	938	0.00386788962789
37.7606830597	939	0.00389575724151
37.8005559444	940	0.00387443249204
37.839220047	941	0.00393659760297
37.8781249523	942	0.00394474045951
37.9171180725	943	0.00384961959092
37.9558730125	944	0.00382325371753
37.9946389198	945	0.00376138468195
38.0334780216	946	0.00395755755975
38.0723619461	947	0.00384035402674
38.1121060848	948	0.00373606766607
38.1553421021	949	0.00399911145933
38.1938910484	950	0.00395384308407
38.2392640114	951	0.00390244382497
38.2884421349	952	0.00384588062198
38.3281450272	953	0.00392523525942
38.3670971394	954	0.00385049465777
38.4060680866	955	0.00384484316047
38.4449250698	956	0.0038114538757
38.4838349819	957	0.00380880846143
38.5227029324	958	0.00385948391465
38.5614099503	959	0.00385312470105
38.6003410816	960	0.00376974694009
38.6430530548	961	0.00385233541921
38.6818110943	962	0.00375944630288
38.7216989994	963	0.00382147121645
38.7692511082	964	0.00373936877222
38.8085839748	965	0.00378678883358
38.8474359512	966	0.00373643878703
38.8862481117	967	0.00374099353623
38.9251840115	968	0.00377755497807
38.9640519619	969	0.00371709180971
39.0027971268	970	0.00368145925225
39.041738987	971	0.00374551074433
39.0803649426	972	0.00369599949541
39.1192140579	973	0.00373252025511
39.1617779732	974	0.00371722969052
39.2003979683	975	0.00369834981116
39.2463469505	976	0.00375341251118
39.2933371067	977	0.0036929006438
39.3327929974	978	0.00368047947032
39.3717279434	979	0.00370269161334
39.4106669426	980	0.00363209243814
39.4495949745	981	0.00374357643781
39.4884240627	982	0.00362042774407
39.5271980762	983	0.00379312898789
39.5660319328	984	0.00363405025807
39.6047949791	985	0.00365539714515
39.6473920345	986	0.00369047017888
39.6861519814	987	0.00369776007021
39.7284109592	988	0.00365965553976
39.7795519829	989	0.00373561624251
39.8191699982	990	0.0035802028417
39.858230114	991	0.00369680745404
39.8972160816	992	0.00367131230611
39.9359049797	993	0.00378464931251
39.9747800827	994	0.00354647472239
40.0135171413	995	0.00369814889881
40.0523469448	996	0.00358080389759
40.0912330151	997	0.00375063988787
40.1299629211	998	0.00358595673649
40.1700060368	999	0.00367284627548
