0.0532109737396	0	0.673356300721
0.123321056366	1	0.493546862106
0.175117015839	2	0.39739883242
0.224148035049	3	0.328845190747
0.283571004868	4	0.279401021468
0.332998991013	5	0.24361742039
0.382165908813	6	0.215516915969
0.431209087372	7	0.193736164727
0.480137109756	8	0.175866111693
0.529145956039	9	0.161369449988
0.57815694809	10	0.14804221159
0.627183914185	11	0.137040985791
0.680187940598	12	0.127579761284
0.729206085205	13	0.119054289244
0.788765907288	14	0.111103508263
0.838155984879	15	0.103598085753
0.887231111526	16	0.0971832003422
0.936237096786	17	0.0912287567372
0.985289096832	18	0.0857304885449
1.04229807854	19	0.0806777414907
1.09126591682	20	0.0765058285992
1.14030194283	21	0.0729759444798
1.19269609451	22	0.0697576955269
1.24178791046	23	0.0664637810198
1.29925608635	24	0.0638170729858
1.34897899628	25	0.0610074737868
1.39810609818	26	0.058231924958
1.44722509384	27	0.0561119109771
1.49625110626	28	0.0542198290035
1.54523706436	29	0.051699657859
1.59426307678	30	0.0499363025875
1.64423799515	31	0.047734117741
1.69655609131	32	0.046199891069
1.74560904503	33	0.0443547152704
1.80409312248	34	0.0427233440922
1.85328888893	35	0.0413037106876
1.90231490135	36	0.0401124119941
1.95130801201	37	0.0385845063303
2.00044703484	38	0.036923426889
2.04946398735	39	0.0357595074066
2.098539114	40	0.0347840892066
2.14758992195	41	0.0336345979512
2.19978404045	42	0.0323164407511
2.24931192398	43	0.0310841681493
2.30705189705	44	0.0301758289361
2.35624909401	45	0.0292081281958
2.40537500381	46	0.0284036879085
2.45446610451	47	0.0276834244354
2.5036239624	48	0.0267911558714
2.55273389816	49	0.0260825558856
2.60186910629	50	0.0254825568879
2.65100002289	51	0.0247829083771
2.70395302773	52	0.0242954478967
2.75296401978	53	0.023640331819
2.81258893013	54	0.0229845206936
2.86206197739	55	0.0225235813405
2.91129302979	56	0.0219421526284
2.96027398109	57	0.0213605920774
3.00935101509	58	0.0209560627458
3.05839800835	59	0.0204214615948
3.10747599602	60	0.0200059557872
3.15660405159	61	0.0196107029542
3.2067399025	62	0.0191503004756
3.25883197784	63	0.0188302265031
3.31919693947	64	0.0183183165191
3.36869001389	65	0.0179073249545
3.41774702072	66	0.017580210328
3.46690702438	67	0.0170555404289
3.51583099365	68	0.016790318464
3.56489491463	69	0.016445741744
3.613904953	70	0.0161216626682
3.66300606728	71	0.0157896929656
3.7122130394	72	0.0154835011408
3.76519703865	73	0.0152159156068
3.82476305962	74	0.0149888407108
3.87439990044	75	0.0146206992619
3.92349910736	76	0.0144282637904
3.97257900238	77	0.0141417725248
4.02167701721	78	0.0139272689932
4.07080793381	79	0.0136071806436
4.11986398697	80	0.0134270401011
4.16893005371	81	0.0132239439523
4.22033309937	82	0.0129980073655
4.27553200722	83	0.0128096203707
4.33291196823	84	0.0127200942511
4.38238406181	85	0.0124551454669
4.43166208267	86	0.0122361646312
4.48072910309	87	0.0121316032316
4.52981805801	88	0.0118354784919
4.57893800735	89	0.0116048105443
4.62790703773	90	0.0115096544884
4.68234705925	91	0.0114048820482
4.73137497902	92	0.0111690808441
4.7905189991	93	0.0110352947973
4.84027791023	94	0.0109319869592
4.88953495026	95	0.0107294820923
4.93857502937	96	0.0105437079365
4.98776197433	97	0.0104617405561
5.03692507744	98	0.010364268399
5.08596992493	99	0.0101846501706
5.13499307632	100	0.0100621608588
5.18764710426	101	0.00994821224353
5.23669505119	102	0.00976694389204
5.29614591599	103	0.00959156487211
5.34567689896	104	0.00950888512596
5.39475703239	105	0.00925349569027
5.44387793541	106	0.00923258805667
5.4929599762	107	0.00916390407095
5.54201507568	108	0.00901686192875
5.59099411964	109	0.00892227045327
5.63988208771	110	0.00872842834216
5.69253706932	111	0.00869522087153
5.74149107933	112	0.00858676091711
5.80095696449	113	0.00849938105267
5.85032606125	114	0.0083760970366
5.89932012558	115	0.00826920784565
5.94829893112	116	0.0082109809707
5.9972949028	117	0.00816835192805
6.05410194397	118	0.00803580457147
6.10299611092	119	0.0079072981611
6.15199995041	120	0.00785845714465
6.20469498634	121	0.00771557479115
6.25364589691	122	0.00770319039601
6.31174612045	123	0.00759611195258
6.36095690727	124	0.00752733343903
6.41000890732	125	0.00740190175173
6.45894789696	126	0.0073297425954
6.50799703598	127	0.00729973406489
6.55697894096	128	0.00713972399047
6.60590195656	129	0.00709239255712
6.65580606461	130	0.00702257482747
6.70906996727	131	0.00691707310907
6.75867891312	132	0.00686911810831
6.81680011749	133	0.00672314452444
6.86595392227	134	0.00671986441739
6.91502308846	135	0.00652889396795
6.96397209167	136	0.00655233622062
7.01305198669	137	0.00641261491047
7.06212091446	138	0.00635505922956
7.11108803749	139	0.00626624278282
7.16003799438	140	0.00622172835248
7.21382904053	141	0.0061595301654
7.26579403877	142	0.00609160737631
7.32597112656	143	0.00600843658761
7.37561893463	144	0.00599402765405
7.42473697662	145	0.00590002811634
7.47379207611	146	0.0059057791259
7.52287197113	147	0.00577726777495
7.5720179081	148	0.00576009949754
7.62101197243	149	0.00571267512502
7.66997098923	150	0.00564040484322
7.71909594536	151	0.00558766346947
7.7724840641	152	0.00559937327761
7.83195400238	153	0.00550739966142
7.88134002686	154	0.00546300293693
7.93039894104	155	0.00537929050965
7.97929096222	156	0.00536829957466
8.02830290794	157	0.00530238794809
8.07724690437	158	0.00524821401669
8.12632012367	159	0.00521247061578
8.17535305023	160	0.00514814489679
8.22709012032	161	0.00508827829871
8.28221797943	162	0.00509774850842
8.33878993988	163	0.00499300129507
8.38815999031	164	0.0049784929119
8.43722391129	165	0.00494544271983
8.48620510101	166	0.00488423464517
8.53521800041	167	0.00483722684249
8.58417510986	168	0.00485014162678
8.63321495056	169	0.00474642292397
8.68641090393	170	0.00475105874144
8.73558592796	171	0.00469466167687
8.79477405548	172	0.00468323119309
8.84665298462	173	0.00461537690127
8.89583206177	174	0.00461598712662
8.94486808777	175	0.00455234695428
8.99393391609	176	0.00454252968169
9.04291200638	177	0.00447962573317
9.09182596207	178	0.0044951321307
9.14087510109	179	0.00439190155786
9.19361901283	180	0.00441949808279
9.24259305	181	0.00437139193287
9.30202507973	182	0.00433279854995
9.35146212578	183	0.00430452625601
9.4005420208	184	0.00431169292013
9.4496049881	185	0.00423327184034
9.49870800972	186	0.00424211514429
9.54781007767	187	0.00419023094443
9.5968580246	188	0.00418620657385
9.64600110054	189	0.00412950995251
9.6986811161	190	0.00413367474388
9.74773311615	191	0.00407340052192
9.80729293823	192	0.00409275953939
9.85675406456	193	0.00402090178958
9.9057559967	194	0.00403079706437
9.95483112335	195	0.0039899811729
10.003937006	196	0.00397890608935
10.0529580116	197	0.00394767419822
10.101952076	198	0.0039013266346
10.1509780884	199	0.00392319843264
10.2041149139	200	0.00387677826614
10.2531909943	201	0.00382557143559
10.3101170063	202	0.00382342094781
10.3593840599	203	0.00374480384909
10.4085280895	204	0.00375446488884
10.4575920105	205	0.00369583751722
10.5065560341	206	0.00370105382841
10.5555870533	207	0.00364119492135
10.6045649052	208	0.00363536099499
10.6536209583	209	0.00362242426545
10.7069680691	210	0.00357477699047
10.7565720081	211	0.00356954034697
10.8134100437	212	0.00354428180845
10.862694025	213	0.00353204964109
10.9117739201	214	0.00349406643496
10.960832119	215	0.00348146110625
11.0099449158	216	0.00344575228902
11.0659689903	217	0.00346447580963
11.1149930954	218	0.00342199329525
11.1639869213	219	0.00341309569894
11.2166991234	220	0.00338121340662
11.2655959129	221	0.00337809663496
11.3240430355	222	0.00333496229875
11.3732349873	223	0.00332314774614
11.4223570824	224	0.00330907175449
11.4714279175	225	0.00328761362945
11.520483017	226	0.00327247547904
11.5695619583	227	0.00324823888004
11.6186459064	228	0.00323708991642
11.6686429977	229	0.00321772115407
11.7199540138	230	0.00320416491472
11.7719430923	231	0.00317463195904
11.8323040009	232	0.00317403128965
11.8817579746	233	0.00313684435866
11.930824995	234	0.00314840487408
11.9798018932	235	0.00309834735795
12.0287930965	236	0.00312474250547
12.0778698921	237	0.00306352781858
12.1269938946	238	0.00308230759637
12.1760020256	239	0.00303780028618
12.226140976	240	0.00305388030088
12.2795209885	241	0.00300683314793
12.3386099339	242	0.00302106020738
12.3881161213	243	0.00297537784827
12.4372689724	244	0.00300130471342
12.486344099	245	0.00294594481438
12.5354099274	246	0.00295808782882
12.5844790936	247	0.0029279021397
12.6335589886	248	0.00293188919169
12.6833109856	249	0.00288580636502
12.7348871231	250	0.00290736763576
12.791426897	251	0.00285718906178
12.8504450321	252	0.00288312039554
12.8998999596	253	0.0028279797152
12.9489870071	254	0.00284371836548
12.9979450703	255	0.00280050317325
13.0468969345	256	0.00282119300969
13.0958259106	257	0.00276471412092
13.1448729038	258	0.00279793221154
13.1976380348	259	0.00276388741334
13.2467050552	260	0.00276474930774
13.3063120842	261	0.00273357471383
13.355711937	262	0.0027383223383
13.4048058987	263	0.00271309776632
13.4538340569	264	0.0027178448346
13.5028119087	265	0.00267673562752
13.5518260002	266	0.00269899837178
13.6008639336	267	0.00265373566282
13.6498780251	268	0.0026738321336
13.7025868893	269	0.00262986756357
13.7515780926	270	0.00265379382709
13.8111009598	271	0.00261046804899
13.8605809212	272	0.00261959902076
13.9096410275	273	0.00259307781793
13.9587159157	274	0.00259143141808
14.0079069138	275	0.00255554031849
14.0569078922	276	0.00258315189044
14.1058599949	277	0.00255590927362
14.1548399925	278	0.00255611055974
14.2074971199	279	0.00251982983984
14.2565259933	280	0.00253700640795
14.3145909309	281	0.00249569079293
14.3640379906	282	0.00251560890518
14.4130101204	283	0.00247460593734
14.4621949196	284	0.00248584691873
14.5112850666	285	0.0024542661778
14.5603539944	286	0.00246473146069
14.6094479561	287	0.00243373192964
14.6585600376	288	0.00244412024165
14.7121651173	289	0.00241339427312
14.7618150711	290	0.0024242311581
14.8183140755	291	0.00239297345286
14.8677110672	292	0.0024056392187
14.9168889523	293	0.00237230011932
14.9658370018	294	0.00238843045426
15.0148189068	295	0.00235290120926
15.0637869835	296	0.00236530428745
15.1129279137	297	0.00233179716189
15.1619079113	298	0.00234230603441
15.2146039009	299	0.00230383072259
15.2635719776	300	0.00233495389817
15.3198299408	301	0.00230012798181
15.3690519333	302	0.0023120493766
15.4180541039	303	0.00227913263575
15.4669840336	304	0.00229027411682
15.5159239769	305	0.00225983732155
15.564884901	306	0.00227159445559
15.6138789654	307	0.00224073778652
15.6628100872	308	0.00225056694118
15.7155919075	309	0.00221979949695
15.7645840645	310	0.00222466839938
15.8209209442	311	0.00219446222513
15.870223999	312	0.00221807565844
15.9193720818	313	0.00218376583254
15.9684200287	314	0.00218340229055
16.0175580978	315	0.00217468984589
16.0705349445	316	0.00217098152643
16.1196460724	317	0.00213546607466
16.1687340736	318	0.0021443642373
16.221462965	319	0.00211858313987
16.2705800533	320	0.00212637318151
16.3292560577	321	0.00210135458626
16.3785040379	322	0.00210854200012
16.4276020527	323	0.00208436204514
16.4767029285	324	0.00209093534424
16.5257539749	325	0.00206757727833
16.5747959614	326	0.00207371169659
16.6237940788	327	0.00205102655317
16.6728699207	328	0.00205664304716
16.725620985	329	0.00203481757926
16.7783689499	330	0.00204014210831
16.8386569023	331	0.00201826809337
16.8881289959	332	0.00202243951512
16.9372971058	333	0.00200218800298
16.9864070415	334	0.00200434618034
17.0354909897	335	0.00198479330095
17.0845270157	336	0.0019857907269
17.1336400509	337	0.00196690640285
17.1827909946	338	0.00196938926118
17.2362759113	339	0.00195083007234
17.2912709713	340	0.0019534480954
17.3477890491	341	0.00193539693397
17.3971610069	342	0.00193820458796
17.4462389946	343	0.00191999107154
17.4953260422	344	0.00192239127062
17.5443639755	345	0.00190496142927
17.5934839249	346	0.00190701835461
17.6425900459	347	0.00188929272177
17.6956079006	348	0.00188989287049
17.7446689606	349	0.00187522634387
17.8015680313	350	0.00187375839862
17.8574490547	351	0.00185910664405
17.906842947	352	0.00185989553581
17.9559180737	353	0.00184431390531
18.004983902	354	0.0018443858194
18.0539119244	355	0.00183161594641
18.1028831005	356	0.00182990578221
18.1520049572	357	0.00181772578744
18.2049090862	358	0.00181645612586
18.2539680004	359	0.00180468915534
18.3132278919	360	0.00180242845882
18.3626759052	361	0.00179093485361
18.4118719101	362	0.00178839470964
18.4611580372	363	0.00177674422113
18.51019907	364	0.00177270886431
18.5591549873	365	0.00176088448913
18.6082251072	366	0.00175977995764
18.6573109627	367	0.00174805279241
18.7109079361	368	0.00174776048049
18.7601900101	369	0.00173647819014
18.8198709488	370	0.00173644357397
18.8692688942	371	0.00172489981156
18.9183530807	372	0.00172471096951
18.9674539566	373	0.00171386939559
19.0165600777	374	0.0017136300378
19.0656239986	375	0.00170231775921
19.1146230698	376	0.00170283797558
19.1636610031	377	0.0016909779091
19.216588974	378	0.0016911927489
19.2656149864	379	0.00168049307635
19.3223080635	380	0.00168004158035
19.3717980385	381	0.00166964599724
19.4209339619	382	0.00166893913471
19.4699149132	383	0.00165905663855
19.5189199448	384	0.0016580534802
19.567882061	385	0.00164753016971
19.6169121265	386	0.00164799688833
19.6659250259	387	0.00163609132016
19.718765974	388	0.00163751959239
19.7677989006	389	0.0016233937843
19.8244531155	390	0.00162783371255
19.873996973	391	0.00161113573348
19.9229650497	392	0.00162388811119
19.9720430374	393	0.00159980230196
20.0209310055	394	0.001624743196
20.0699110031	395	0.00159131213691
20.1188709736	396	0.00160847446401
20.1678290367	397	0.00158579400013
20.2203741074	398	0.00158870252077
20.2693479061	399	0.00157708427334
20.3258650303	400	0.0015784760233
20.375138998	401	0.00156832862329
20.42425704	402	0.00156943640134
20.4732739925	403	0.00155911374947
20.5223739147	404	0.00155977696949
20.5714669228	405	0.00155041660602
20.6205780506	406	0.00155078815498
20.6696600914	407	0.00154132187523
20.7228031158	408	0.00154211450947
20.772507906	409	0.00153226026054
20.8305549622	410	0.00153378141183
20.8798410892	411	0.00152334575412
20.9290599823	412	0.00152492778381
20.9780468941	413	0.00151487056293
21.0271270275	414	0.00151689739416
21.0791490078	415	0.00150562225201
21.1282041073	416	0.00150987298371
21.1773600578	417	0.00149560777855
21.2304499149	418	0.00150538166775
21.2794599533	419	0.00148499471847
21.3386409283	420	0.00150767977408
21.3878591061	421	0.00147815873786
21.4369618893	422	0.00149232402226
21.4858329296	423	0.0014727420457
21.5348958969	424	0.00148291280565
21.5839209557	425	0.00146208606296
21.6328969002	426	0.0014772232895
21.6823070049	427	0.00145326961237
21.7331199646	428	0.00146981268793
21.7851901054	429	0.00144574268357
21.8454120159	430	0.00145805592975
21.8949129581	431	0.00143902928249
21.9441349506	432	0.00144660518025
21.9931409359	433	0.00143187610495
22.0421230793	434	0.00143683290929
22.09116292	435	0.00142470534337
22.1402609348	436	0.00142877327361
22.1893749237	437	0.00141688802194
22.2396221161	438	0.00142156270598
22.2935509682	439	0.00140900924101
22.351485014	440	0.00141440208389
22.4009420872	441	0.00140123252987
22.4500789642	442	0.0014087458484
22.4990711212	443	0.00139265322818
22.5480129719	444	0.00140499131892
22.5970621109	445	0.00138430466439
22.6459801197	446	0.00140203078895
22.6956710815	447	0.00137760722823
22.7476899624	448	0.00139465635107
22.8042879105	449	0.00137147269632
22.8634979725	450	0.00138397226404
22.9130170345	451	0.00136544612046
22.9621880054	452	0.0013734240578
23.0112230778	453	0.00135953331364
23.060229063	454	0.00136551730089
23.1092660427	455	0.00135302081816
23.158370018	456	0.00135812290408
23.2111799717	457	0.00134651416969
23.2601869106	458	0.00135182925544
23.3196620941	459	0.0013393696057
23.3690578938	460	0.0013459954802
23.4181540012	461	0.00133206257995
23.4671111107	462	0.00134113085235
23.5161399841	463	0.00132447642753
23.5651209354	464	0.00133820203977
23.614166975	465	0.00131722277385
23.6631369591	466	0.00133496448953
23.7161540985	467	0.00131142169874
23.765173912	468	0.0013277109329
23.824630022	469	0.00130578870296
23.8741369247	470	0.00131849170581
23.9231901169	471	0.00130005468942
23.972192049	472	0.00130987913717
24.0212769508	473	0.00129421883121
24.0703370571	474	0.00130210493015
24.1193830967	475	0.00128839918358
24.1684789658	476	0.00129574865382
24.2215380669	477	0.0012821215788
24.2706921101	478	0.00128962816034
24.3287639618	479	0.00127580742716
24.3782529831	480	0.0012847208918
24.4273691177	481	0.00126897418286
24.4764559269	482	0.00128051622712
24.5255401134	483	0.00126233911856
24.5746650696	484	0.00127705327403
24.6237618923	485	0.00125623925868
24.6728909016	486	0.00127195502853
24.7256679535	487	0.00125082803809
24.7753829956	488	0.00126524879306
24.8320839405	489	0.00124532328826
24.8815529346	490	0.00125744219452
24.9307091236	491	0.00123994879242
24.9797639847	492	0.00125029762054
25.028799057	493	0.00123432173924
25.0778250694	494	0.00124350860964
25.1268880367	495	0.00122868810978
25.1757590771	496	0.00123775775992
25.2285349369	497	0.00122265124562
25.277602911	498	0.00123219594772
25.3340830803	499	0.00121654478273
25.3834049702	500	0.00122758009258
25.4324469566	501	0.00121018715676
25.4815089703	502	0.00122310171827
25.5305149555	503	0.00120384672778
25.5796561241	504	0.00121785315772
25.6288259029	505	0.00119742463896
25.6778991222	506	0.00121128638956
25.7305181026	507	0.00119133401022
25.7796149254	508	0.00120457737227
25.8367168903	509	0.00118539982987
25.8860061169	510	0.00119781794573
25.9350240231	511	0.00117996821215
25.9840641022	512	0.00119182078927
26.0331349373	513	0.00117459595047
26.0877931118	514	0.00118599509438
26.1367709637	515	0.00116937643746
26.1857309341	516	0.0011808355857
26.238409996	517	0.00116402905927
26.2888460159	518	0.00117575081858
26.3486618996	519	0.00115880672377
26.3979830742	520	0.00117111856923
26.4470789433	521	0.00115355373037
26.4960069656	522	0.00116629010649
26.5449850559	523	0.00114851358534
26.5939888954	524	0.00116155381264
26.6439790726	525	0.00114348360601
26.6937570572	526	0.00115640365631
26.7443549633	527	0.00113860521877
26.7997438908	528	0.0011513626272
26.8626480103	529	0.00113364678615
26.912211895	530	0.00114607123671
26.9614799023	531	0.00112877661179
27.0107140541	532	0.00114107315266
27.0599350929	533	0.00112379122778
27.1091771126	534	0.00113589408781
27.158397913	535	0.00111889255786
27.2117440701	536	0.00113104069097
27.2612860203	537	0.00111388184543
27.3212819099	538	0.00112597291921
27.3711109161	539	0.00110900691312
27.4202558994	540	0.00112124358544
27.4695029259	541	0.00110407497826
27.518682003	542	0.00111630167514
27.5678210258	543	0.00109933718014
27.617041111	544	0.00111171544988
27.6661911011	545	0.00109456204146
27.7185139656	546	0.00110687642824
27.7676849365	547	0.00108998590351
27.826939106	548	0.00110231436861
27.8764591217	549	0.00108535134737
27.9256598949	550	0.00109729102113
27.9749341011	551	0.00108088681525
28.0241000652	552	0.00109216227378
28.0791320801	553	0.00107635434415
28.1283769608	554	0.00108598563992
28.1776189804	555	0.00107222954251
28.2300879955	556	0.00107952367579
28.2793250084	557	0.00106849319615
28.3358631134	558	0.0010731255147
28.3852660656	559	0.00106490248181
28.4345269203	560	0.00106801134698
28.4837949276	561	0.0010608158247
28.5328979492	562	0.00106322717739
28.5820229053	563	0.00105667356415
28.6310780048	564	0.00105900715672
28.6808540821	565	0.00105239101524
28.7335240841	566	0.00105460750122
28.7827060223	567	0.00104827179246
28.8390789032	568	0.00105052798071
28.8884999752	569	0.0010440875284
28.9377150536	570	0.00104623772593
28.9868040085	571	0.00104005732565
29.0359070301	572	0.00104223062411
29.0853190422	573	0.00103596577386
29.1346039772	574	0.00103803374396
29.1838231087	575	0.00103201239592
29.2364490032	576	0.00103409368111
29.2857708931	577	0.00102800386951
29.34344697	578	0.00102998522029
29.3927841187	579	0.00102412027582
29.4420320988	580	0.00102610749661
29.4912919998	581	0.00102018868217
29.540514946	582	0.00102208267035
29.5897738934	583	0.00101636931094
29.6389739513	584	0.0010182621278
29.6883621216	585	0.00101250927931
29.740983963	586	0.00101431579895
29.790102005	587	0.00100874860301
29.8480279446	588	0.00101054665196
29.897452116	589	0.00100495430278
29.9466459751	590	0.00100667256447
29.9958000183	591	0.00100124564368
30.0450649261	592	0.00100294734041
30.094192028	593	0.000997508883853
30.1434218884	594	0.000999135719811
30.1926419735	595	0.000993841159215
30.2452859879	596	0.000995440888475
30.2944920063	597	0.000990145065503
30.3518640995	598	0.000991670737517
30.4012351036	599	0.000986500377728
30.4504709244	600	0.000988034513538
30.4996170998	601	0.000983084378343
30.5488328934	602	0.000984408070883
30.5979480743	603	0.000978976640963
30.6471869946	604	0.000980093878581
30.6971900463	605	0.000974873566048
30.7493739128	606	0.000976067077099
30.801858902	607	0.00097103041181
30.8622879982	608	0.000972250994433
30.9118430614	609	0.000967303982267
30.9610750675	610	0.000968511838673
31.01029706	611	0.000963674144968
31.0673279762	612	0.00096486216902
31.1165239811	613	0.000960096221055
31.1657450199	614	0.000961253865768
31.2179551125	615	0.000956576739314
31.2673139572	616	0.000957703951507
31.3264949322	617	0.000953100360157
31.3800649643	618	0.000954194652132
31.4293789864	619	0.000949673258058
31.4786429405	620	0.000950734605854
31.5278449059	621	0.00094628898986
31.5770690441	622	0.000947316264427
31.6261720657	623	0.000942949107797
31.675522089	624	0.000943941506679
31.7283360958	625	0.000939649877134
31.7775409222	626	0.000940606503901
31.837168932	627	0.000936390679313
31.8867199421	628	0.000937310822894
31.9360411167	629	0.000933169556013
31.9853460789	630	0.000934052781917
32.0346369743	631	0.000929985931791
32.083837986	632	0.000930832009988
32.1331279278	633	0.000926839136512
32.1824190617	634	0.000927647956202
32.2363839149	635	0.000923728727408
32.2856318951	636	0.000924499900196
32.3435339928	637	0.000920653276221
32.3928639889	638	0.000921385497286
32.441986084	639	0.000917609058646
32.49117589	640	0.000918299224963
32.540430069	641	0.000914588359258
32.5896580219	642	0.000915231177623
32.6387879848	643	0.000911579438874
32.6886589527	644	0.000912168726169
32.742194891	645	0.000908570272135
32.791369915	646	0.000909102140735
32.8479120731	647	0.000905555072563
32.8973469734	648	0.000906030344458
32.9465379715	649	0.000902537547654
32.995691061	650	0.000902960663186
33.0449240208	651	0.000899527269317
33.0940740108	652	0.000899903088528
33.1433079243	653	0.000896533499985
33.1924879551	654	0.000896865166332
33.2454309464	655	0.000893561880419
33.2946538925	656	0.000893850569432
33.3529250622	657	0.000890614460399
33.4022181034	658	0.000890860033336
33.4513530731	659	0.000887691027613
33.5005469322	660	0.000887892722461
33.5497150421	661	0.000884790317603
33.5989921093	662	0.00088494719524
33.6481580734	663	0.00088191073599
33.697261095	664	0.000882021903597
33.7504899502	665	0.000879050687084
33.799571991	666	0.000879115385492
33.8577001095	667	0.000876208674152
33.907063961	668	0.000876226296336
33.9562880993	669	0.000873383288357
34.0055470467	670	0.00087335336748
34.0548191071	671	0.000870573150752
34.1040410995	672	0.000870495337245
34.1532070637	673	0.000867776839928
34.2024059296	674	0.000867650877749
34.2548229694	675	0.000864992823308
34.3070399761	676	0.000864818531769
34.3672950268	677	0.000862219404745
34.4170250893	678	0.000861996671055
34.4663701057	679	0.000859454699912
34.5155849457	680	0.000859183487695
34.5647270679	681	0.000856696652574
34.61404109	682	0.000856377033269
34.663230896	683	0.000853943109668
34.7135438919	684	0.000853575326898
34.7665369511	685	0.000851191980477
34.8219349384	686	0.000850776560111
34.8779580593	687	0.000848441509553
34.9272720814	688	0.000847979425674
34.9764430523	689	0.000845690683935
35.0256230831	690	0.000845183577718
35.0748031139	691	0.000842939762085
35.1239919662	692	0.000842390186077
35.1730949879	693	0.000840190855189
35.2259070873	694	0.00083960248526
35.2750689983	695	0.000837448414593
35.3334100246	696	0.000836826126
35.3864200115	697	0.000834719345336
35.4357860088	698	0.000834068960661
35.4850308895	699	0.000832012270623
35.5343151093	700	0.000831339765565
35.5834510326	701	0.00082933559946
35.6326420307	702	0.000828645915246
35.6819291115	703	0.000826695041276
35.7352049351	704	0.00082599123914
35.7844231129	705	0.000824092206864
35.8439230919	706	0.000823375569092
35.8933598995	707	0.000821525173541
35.9426209927	708	0.000820795980844
35.991779089	709	0.000818990159424
36.040982008	710	0.000818248466935
36.0979700089	711	0.000816483019388
36.1470429897	712	0.000815729091879
36.196146965	713	0.00081400005766
36.249311924	714	0.000813234502837
36.2984991074	715	0.000811538294319
36.3565890789	716	0.000810762036404
36.4058930874	717	0.000809095452564
36.4551439285	718	0.000808309648236
36.5043721199	719	0.000806669844686
36.5537099838	720	0.00080587579113
36.6029660702	721	0.000804260241165
36.6531059742	722	0.000803459295305
36.7030301094	723	0.000801865754631
36.7565710545	724	0.000801059268772
36.8056669235	725	0.000799485746754
36.8667900562	726	0.000798675020371
36.9164969921	727	0.000797119756951
36.9656949043	728	0.000796306002515
37.0149641037	729	0.000794767448907
37.0641710758	730	0.000793951769245
37.1133749485	731	0.000792428570659
37.1626060009	732	0.000791611945475
37.2117340565	733	0.000790102924608
37.2611980438	734	0.000789286204137
37.3134469986	735	0.000787790344696
37.3729689121	736	0.000786974248783
37.4224510193	737	0.000785490678807
37.4716930389	738	0.000784675799996
37.5207850933	739	0.000783203774998
37.5699329376	740	0.000782390584444
37.6191129684	741	0.000780929470579
37.6683208942	742	0.00078011832576
37.7175769806	743	0.000778667583243
37.7698440552	744	0.000777858736529
37.8251359463	745	0.000776417903435
37.8828570843	746	0.000775611510635
37.9325249195	747	0.000774180187087
37.9818019867	748	0.000773376315097
38.0310559273	749	0.000771954147619
38.0802829266	750	0.000771152780273
38.129543066	751	0.000769739445859
38.178757906	752	0.000768940487016
38.2314469814	753	0.000767535676187
38.2805879116	754	0.000766738948932
38.3395171165	755	0.000765342346696
38.390239954	756	0.000764547587273
38.4395699501	757	0.00076315885041
38.4886829853	758	0.000762365695004
38.5377850533	759	0.000760984423368
38.5870189667	760	0.000760192385023
38.6361489296	761	0.000758818083423
38.6860868931	762	0.000758026515021
38.7393789291	763	0.000756658540532
38.789206028	764	0.000755866577672
38.8488559723	765	0.000754504064823
38.8982839584	766	0.000753710539821
38.9474930763	767	0.000752352293527
38.996628046	768	0.000751555609771
39.0458168983	769	0.000750199956121
39.095083952	770	0.000749397916805
39.1443109512	771	0.000748042516178
39.1935529709	772	0.000747232134127
39.2467179298	773	0.00074587382822
39.2958641052	774	0.000745051270984
39.3527231216	775	0.000743686265517
39.4021170139	776	0.000742847480903
39.4564139843	777	0.000741472779731
39.5056750774	778	0.000740616190585
39.5549409389	779	0.000739234070983
39.60414505	780	0.000738366932177
39.6534380913	781	0.000736992255422
39.7026450634	782	0.000736135932891
39.755614996	783	0.000734794566729
39.8047220707	784	0.000733971769177
39.8625760078	785	0.000732677597822
39.9119160175	786	0.000731888080632
39.9611539841	787	0.000730629831718
40.010365963	788	0.000729855207317
40.0595610142	789	0.000728614735689
40.1087601185	790	0.000727839602107
40.1579880714	791	0.000726606764201
40.2072269917	792	0.000725824971253
40.2603509426	793	0.00072459727082
40.3095810413	794	0.000723808349223
40.3703889847	795	0.000722586661287
40.4201231003	796	0.000721792050391
40.4693291187	797	0.000720577859492
40.5185201168	798	0.000719779008659
40.5677189827	799	0.000718573303923
40.6170089245	800	0.000717771026877
40.6661961079	801	0.000716574041363
40.7154560089	802	0.0007157684036
40.7647459507	803	0.000714579636605
40.8171410561	804	0.000713769974702
40.8778951168	805	0.000712588222633
40.9274160862	806	0.000711773104083
40.9765069485	807	0.000710596360612
41.0258131027	808	0.000709773361491
41.0829100609	809	0.000708598470496
41.1320929527	810	0.000707763651151
41.1813349724	811	0.000706585617815
41.2341001034	812	0.00070573267659
41.2834129333	813	0.000704543814486
41.3428359032	814	0.000703663506268
41.3946049213	815	0.000702453813856
41.4439840317	816	0.000701536447026
41.4931430817	817	0.000700300169381
41.5423030853	818	0.000699348288895
41.5914881229	819	0.000698103174524
41.6407270432	820	0.000697152114211
41.6902189255	821	0.000695947891424
41.7433059216	822	0.000695046228708
41.79251194	823	0.000693915267779
41.8519461155	824	0.000693069094049
41.9013729095	825	0.000691997650283
41.9506459236	826	0.000691182592391
41.9998259544	827	0.00069014684758
42.0490419865	828	0.00068934292741
42.0981900692	829	0.000688328631594
42.1473228931	830	0.000687526013114
42.1964540482	831	0.000686526656222
42.2505431175	832	0.000685721414747
42.2996599674	833	0.00068473422463
42.3574769497	834	0.00068392514047
42.4069399834	835	0.000682948906117
42.4561281204	836	0.000682135899818
42.5053551197	837	0.000681170012112
42.5545320511	838	0.000680353448541
42.6037631035	839	0.000679397504546
42.652960062	840	0.000678577892063
42.702917099	841	0.000677631541121
42.7558100224	842	0.000676809406574
42.8050749302	843	0.000675872298199
42.8616480827	844	0.00067504814057
42.9111011028	845	0.000674119914522
42.9603090286	846	0.000673294193961
43.0095250607	847	0.00067237448732
43.0587339401	848	0.000671547630151
43.1079239845	849	0.000670636090878
43.1571199894	850	0.00066980850169
43.2063400745	851	0.000668904804187
43.2591309547	852	0.000668076880534
43.3082790375	853	0.000667180740718
43.3660480976	854	0.000666352887272
43.4154701233	855	0.000665464074689
43.4646430016	856	0.000664636713511
43.5137479305	857	0.000663755057213
43.5629091263	858	0.000662928630147
43.6120550632	859	0.000662054014419
43.6612930298	860	0.000661228973706
43.71053195	861	0.000660361320536
43.763256073	862	0.000659538105612
43.8124101162	863	0.000658677343698
43.8709039688	864	0.000657856346128
43.9203228951	865	0.000657002370726
43.9696650505	866	0.000656183893643
44.0188989639	867	0.000655336524947
44.0680649281	868	0.000654520744754
44.1173949242	869	0.000653679691015
44.1665780544	870	0.00065286662418
44.2157919407	871	0.000652031447039
44.2683420181	872	0.000651220912218
44.3206140995	873	0.00065039097523
44.3811979294	874	0.00064958251971
44.4309949875	875	0.000648756872508
44.4803049564	876	0.000647949590424
44.5294210911	877	0.000647126674673
44.5785639286	878	0.000646318729621
44.6277251244	879	0.000645495581095
44.6780359745	880	0.00064468283384
44.7271299362	881	0.000643852609254
44.7801940441	882	0.000643023901799
44.8355059624	883	0.00064216618914
44.8918609619	884	0.000641281454649
44.9417569637	885	0.000640306249674
44.9909639359	886	0.000639127621815
45.0401489735	887	0.000637263786475
45.0893909931	888	0.000633587142936
45.1385519505	889	0.000631472469893
45.1877179146	890	0.000631061757333
45.2408211231	891	0.000630578871863
45.2900459766	892	0.000630041466172
45.3488130569	893	0.000629451714646
45.3997581005	894	0.000628830323253
45.4489889145	895	0.000628177416101
45.4981880188	896	0.000627507591561
45.547369957	897	0.000626818619972
45.5965359211	898	0.000626120955522
45.6458029747	899	0.000625411379261
45.6950190067	900	0.000624697666355
45.7478909492	901	0.00062397639157
45.797162056	902	0.000623253523435
45.8564031124	903	0.000622525808332
45.906069994	904	0.00062179792977
45.955229044	905	0.000621066965055
46.004406929	906	0.000620336639978
46.0535929203	907	0.000619604411162
46.110574007	908	0.000618873264996
46.1596701145	909	0.000618141031845
46.2087678909	910	0.00061741011328
46.2616579533	911	0.000616678683272
46.3107941151	912	0.000615948673651
46.3690180779	913	0.000615218562306
46.4183249474	914	0.000614489900245
46.4675629139	915	0.000613761427603
46.5167570114	916	0.000613034384986
46.5659070015	917	0.000612307734753
46.6151199341	918	0.000611582463662
46.6652700901	919	0.000610857719516
46.7145819664	920	0.000610134280827
46.7680521011	921	0.000609411447731
46.8172359467	922	0.00060868982706
46.8756260872	923	0.000607968841614
46.9251179695	924	0.000607248955273
46.9743559361	925	0.000606529686599
47.0235219002	926	0.000605811378051
47.0726289749	927	0.000605093618722
47.12185812	928	0.000604376644017
47.1709868908	929	0.000603660088414
47.2212340832	930	0.000602944086735
47.2724680901	931	0.000602228291357
47.3244349957	932	0.00060151273312
47.384691	933	0.000600797048574
47.4345729351	934	0.000600081147109
47.4838190079	935	0.000599364602616
47.5330150127	936	0.000598647162958
47.5825359821	937	0.000597928266468
47.6317439079	938	0.00059720741927
47.6810290813	939	0.000596483799278
47.7303071022	940	0.000595756514076
47.7830870152	941	0.000595024251414
47.8386180401	942	0.000594285413181
47.8957710266	943	0.000593537763566
47.9453558922	944	0.000592778429146
47.9944899082	945	0.000592003548929
48.0436439514	946	0.000591208347589
48.0928649902	947	0.000590387510649
48.1420960426	948	0.000589537453533
48.1912629604	949	0.000588662039434
48.2442400455	950	0.000587782546751
48.2934930325	951	0.000586941549611
48.351929903	952	0.000586178965544
48.4044909477	953	0.000585492044093
48.4538080692	954	0.000584843102602
48.5030300617	955	0.000584202803735
48.5521690845	956	0.000583561083078
48.6013829708	957	0.000582916606926
48.6505310535	958	0.000582270087193
48.7004129887	959	0.000581622307522
48.7534971237	960	0.000580973815944
48.8033900261	961	0.000580324960013
48.862967968	962	0.000579675976463
48.9125139713	963	0.000579027037324
48.9618239403	964	0.000578378285917
49.0111060143	965	0.000577729845244
49.0603721142	966	0.000577081828708
49.1095640659	967	0.000576434338396
49.1588659286	968	0.000575787468972
49.2080988884	969	0.000575141305053
49.2608408928	970	0.000574495923455
49.3101379871	971	0.000573851391427
49.3670449257	972	0.000573207768388
49.4165110588	973	0.000572565104977
49.4657239914	974	0.000571923444477
49.5150279999	975	0.000571282822392
49.5642149448	976	0.000570643267593
49.6134700775	977	0.000570004802194
49.6627230644	978	0.000569367442449
49.7119390965	979	0.000568731198784
49.7647891045	980	0.000568096076483
49.8139688969	981	0.000567462075785
49.8704879284	982	0.000566829192406
49.9200470448	983	0.000566197417656
49.9692890644	984	0.000565566738823
50.0185289383	985	0.000564937139295
50.0677978992	986	0.000564308598852
50.1170630455	987	0.00056368109378
50.1662399769	988	0.000563054597115
50.2154099941	989	0.000562429078781
50.2683250904	990	0.000561804505833
50.3175070286	991	0.000561180842668
50.3752310276	992	0.000560558051348
50.424585104	993	0.000559936091968
50.4738469124	994	0.000559314923167
50.5230600834	995	0.000558694502766
50.5722019672	996	0.000558074788622
50.6214210987	997	0.000557455739684
50.6706519127	998	0.000556837317338
50.7203760147	999	0.000556219487019
