0.0615317821503	0	6.82871933152
0.143504858017	1	6.13019371894
0.204997777939	2	4.26111524613
0.266581773758	3	6.69314992104
0.328494787216	4	4.88172852928
0.389167785645	5	4.60475053005
0.451094865799	6	3.12282605018
0.515013933182	7	4.61308009466
0.57533288002	8	4.41068912408
0.64372587204	9	4.6632936067
0.705342769623	10	2.74014587235
0.766039848328	11	3.49019908824
0.82616686821	12	3.74839157537
0.886225938797	13	5.1458154039
0.94579076767	14	5.28773766883
1.00527381897	15	4.45666026533
1.06659078598	16	3.96217041916
1.13719081879	17	3.35687947944
1.1977148056	18	3.58797510061
1.25740098953	19	2.78654329297
1.31706380844	20	4.71843946285
1.37693285942	21	2.70398810601
1.4366979599	22	4.66961465709
1.50460100174	23	2.88979515941
1.56881189346	24	2.9887023533
1.63831090927	25	3.79554548397
1.69765782356	26	3.26131851414
1.75743293762	27	4.42608560155
1.81649494171	28	4.21364993613
1.87527799606	29	5.12847761477
1.93412995338	30	3.35256421874
1.99277687073	31	3.56859285582
2.05402994156	32	3.65021786588
2.12372493744	33	3.25256969062
2.18428587914	34	4.87465461972
2.24337792397	35	3.54868038147
2.30232787132	36	3.53319784847
2.36167883873	37	2.87351027489
2.42031788826	38	3.94964589887
2.4802479744	39	3.36779886732
2.54230380058	40	4.01306333065
2.60650992393	41	4.52873891572
2.67195391655	42	2.87669902422
2.73079299927	43	4.40848160952
2.78946495056	44	3.56420587237
2.84784293175	45	3.57830626376
2.90649986267	46	3.42880502781
2.96452689171	47	3.83460274824
3.0273938179	48	4.31092136095
3.08553886414	49	3.08002708487
3.15172791481	50	3.01424556854
3.20992779732	51	2.62885693807
3.268419981	52	3.25124019097
3.3259677887	53	3.4525010696
3.38362193108	54	2.95696693822
3.44129776955	55	2.72202445587
3.49950098991	56	2.98224401023
3.55842494965	57	3.8753548916
3.6265809536	58	2.77388864818
3.68494486809	59	3.11762471033
3.74326682091	60	2.42305576489
3.80028676987	61	2.82306385654
3.85807681084	62	2.65250067397
3.91590881348	63	2.09548456109
3.97360777855	64	2.4133350961
4.03565382957	65	2.47716809177
4.09317994118	66	3.10513997263
4.15895295143	67	3.52663559331
4.21719789505	68	2.57838086126
4.27490282059	69	2.93283921308
4.33263993263	70	3.42801036418
4.39081597328	71	2.57576300934
4.44964194298	72	2.48799037718
4.50803494453	73	3.12839102599
4.56880784035	74	2.60708801932
4.6371319294	75	3.26280538634
4.69577383995	76	2.90732342409
4.75339698792	77	2.51270268218
4.81184482574	78	2.93436004586
4.86972284317	79	2.85145014569
4.9280807972	80	3.07446895161
4.98647689819	81	3.05511152669
5.04801797867	82	3.67965530579
5.11112999916	83	3.30987912862
5.17323493958	84	2.67808798083
5.23063778877	85	2.92591486645
5.28851795197	86	3.24710869532
5.34634494781	87	3.37510200635
5.40408086777	88	2.90094054684
5.46280384064	89	3.50828852616
5.52607584	90	3.06945922569
5.58405995369	91	3.27678375985
5.64939594269	92	2.57753567946
5.70803284645	93	3.37220235977
5.76616883278	94	2.36819946557
5.82415890694	95	2.24843519771
5.88186693192	96	3.21146390058
5.93973898888	97	3.11596393066
5.99830794334	98	2.46666844018
6.05737400055	99	2.5572685844
6.12303876877	100	2.69162080755
6.18768978119	101	2.89014712436
6.24569892883	102	2.59782942459
6.303388834	103	3.58343823371
6.36136484146	104	2.52911878765
6.41970396042	105	2.72964890646
6.47852396965	106	2.60715799936
6.54890990257	107	3.09353040646
6.61139082909	108	3.11888337504
6.67475485802	109	2.08050902777
6.73187494278	110	2.60001009063
6.78937697411	111	2.73554621959
6.84646177292	112	3.72203167621
6.90434789658	113	2.55016506784
6.96184492111	114	3.35705589398
7.02284789085	115	2.42144912002
7.08036494255	116	2.75309459465
7.14782881737	117	2.97748954566
7.20528197289	118	2.89501025702
7.26259183884	119	3.05036355632
7.32081079483	120	2.78809192699
7.37833285332	121	3.33153530089
7.43571376801	122	2.47301896809
7.49381184578	123	2.76538393504
7.55609488487	124	3.75233485495
7.62129688263	125	2.88311166732
7.68861889839	126	3.52898601273
7.74634981155	127	2.61822673566
7.80375599861	128	2.96180952014
7.86133885384	129	2.34215400842
7.91909599304	130	2.21552952023
7.97708487511	131	2.28366516362
8.03825879097	132	3.01917894596
8.09591388702	133	3.05977548364
8.16220092773	134	2.91461959178
8.21959686279	135	2.25119612629
8.27680778503	136	2.38132192006
8.33369994164	137	2.1856651288
8.39059185982	138	2.62084700054
8.4489967823	139	2.29893572556
8.50656986237	140	2.33190024108
8.56359481812	141	3.34360174894
8.62923192978	142	2.74333369824
8.69076681137	143	2.59639873277
8.74854683876	144	2.14627122727
8.80592989922	145	2.48267651631
8.86347389221	146	2.18848949715
8.92144393921	147	2.18150154559
8.97970294952	148	2.27238960857
9.04118490219	149	2.22582261925
9.09878492355	150	2.66597181723
9.16416978836	151	2.49468557972
9.22209596634	152	2.44032635285
9.27952885628	153	2.56461110354
9.3371078968	154	2.2305536622
9.39496779442	155	2.41557124336
9.45258188248	156	2.23496672456
9.51002979279	157	2.29265260271
9.57141780853	158	2.33511026398
9.63939189911	159	2.64381152297
9.69690394402	160	2.38328513147
9.75484585762	161	2.62065499101
9.81161880493	162	2.3949264438
9.86923789978	163	2.75516035614
9.92669391632	164	2.18521267982
9.98415493965	165	2.44192552749
10.0460109711	166	1.9752999396
10.1068217754	167	2.35593665121
10.1764349937	168	2.21138971494
10.2343919277	169	2.61918733728
10.2911098003	170	2.08545846174
10.3483607769	171	2.18440236471
10.4054467678	172	2.1140821769
10.4639389515	173	2.48139771414
10.5250618458	174	2.50244725521
10.5827829838	175	1.91497650099
10.6498379707	176	2.059991205
10.7069718838	177	2.79280646676
10.7635269165	178	2.2931601726
10.8207879066	179	3.1366254543
10.8778967857	180	2.3300105477
10.9352149963	181	2.38400103239
10.9921348095	182	2.61169601651
11.0523638725	183	3.94388006645
11.113920927	184	2.78765878515
11.1797838211	185	2.45022655133
11.2370619774	186	2.51651454388
11.29377985	187	2.52940682965
11.3512148857	188	2.61008696548
11.4081089497	189	2.67894087442
11.4649729729	190	2.42594540296
11.5355648994	191	2.44904512651
11.5926468372	192	2.67788169001
11.65710783	193	3.3142886622
11.7146008015	194	2.34292957027
11.7722558975	195	2.79150529097
11.8294708729	196	2.27741723492
11.8868927956	197	2.7673563185
11.9442567825	198	2.30766283012
12.0019359589	199	2.38389738393
12.0630159378	200	2.10730368317
12.1290099621	201	2.18758702036
12.1949009895	202	2.39587138427
12.2524077892	203	2.25457489583
12.309899807	204	2.23235964191
12.3672528267	205	2.05771564641
12.4248228073	206	2.20516097181
12.4829487801	207	2.4560494803
12.5441949368	208	2.61470862975
12.6015298367	209	2.30687809981
12.6673247814	210	2.07225100057
12.7249269485	211	1.96778170871
12.7820258141	212	2.164393755
12.8394877911	213	2.86758800345
12.8973047733	214	2.16255748613
12.9549798965	215	1.95749042835
13.0125749111	216	1.93730325185
13.0705239773	217	1.90399182428
13.1377539635	218	1.89008973009
13.1964559555	219	2.22618263464
13.2537329197	220	1.97618861089
13.3110408783	221	1.92820930373
13.3686199188	222	2.19321057676
13.4259088039	223	2.0491629178
13.4834508896	224	2.34412854431
13.5447349548	225	2.11653629678
13.6018228531	226	2.27500027487
13.6683728695	227	1.99226221797
13.7252998352	228	2.0683772268
13.7826499939	229	2.47439895335
13.8397259712	230	2.08639137842
13.8964059353	231	2.10232316974
13.9532148838	232	2.29066351802
14.0105237961	233	1.92297415843
14.0677978992	234	2.12760850089
14.132008791	235	2.56434540166
14.1970567703	236	2.16351566285
14.2542459965	237	2.21986784691
14.3115317822	238	1.93061386032
14.3692038059	239	2.1871354713
14.4265339375	240	2.3864868924
14.4842538834	241	2.24100189209
14.5453379154	242	2.309807337
14.6031658649	243	2.31557966676
14.6687979698	244	2.45461948384
14.7262208462	245	2.1846980278
14.783413887	246	2.2530300507
14.8407988548	247	2.15943399359
14.8980839252	248	2.18572422651
14.955603838	249	2.29455615633
15.0131139755	250	2.19046424784
15.0704197884	251	2.46952362566
15.1353979111	252	2.02715703213
15.1991488934	253	2.33009031328
15.2576580048	254	2.13819160927
15.3149769306	255	1.99599999292
15.3727929592	256	2.01871824444
15.4305968285	257	2.10479470103
15.4887290001	258	2.12674721681
15.5504119396	259	2.13164853493
15.6082568169	260	1.99999192583
15.6743757725	261	2.54425946502
15.7321419716	262	2.10063436877
15.7900178432	263	2.1095010524
15.8473258018	264	2.16459538057
15.9048438072	265	1.97702627726
15.9628469944	266	1.79231615313
16.020690918	267	2.09569117337
16.0814909935	268	2.28448893577
16.1487329006	269	2.25927609178
16.207228899	270	2.09874792688
16.2644948959	271	2.43699647605
16.3220999241	272	2.35871066259
16.3795018196	273	1.99012641333
16.436937809	274	1.89833343664
16.4954309464	275	2.39830771706
16.5648319721	276	2.14939031339
16.6280379295	277	2.42125125949
16.6907889843	278	2.10591962497
16.7477920055	279	2.18129052353
16.8047399521	280	1.73267768643
16.8614809513	281	2.59239986783
16.9182348251	282	2.15493703917
16.9754638672	283	2.59775161527
17.0365638733	284	2.58455791872
17.0945940018	285	2.34069031355
17.1613948345	286	2.27801781469
17.2188978195	287	2.26326997928
17.2766749859	288	2.54049331135
17.334004879	289	2.53843540407
17.3914179802	290	2.35906414132
17.4484958649	291	2.47852946953
17.5061709881	292	2.45948401772
17.5682067871	293	2.24031343085
17.6330089569	294	1.93122951629
17.7004687786	295	2.51840445753
17.7580258846	296	2.72114545079
17.8153679371	297	2.27103735915
17.872633934	298	2.02190247498
17.9300467968	299	2.07891978008
17.9877138138	300	2.06727778947
18.0488388538	301	2.36979082117
18.106317997	302	2.6925399549
18.172631979	303	2.60192139297
18.230137825	304	1.98641242785
18.2873389721	305	2.64438526279
18.3443689346	306	2.18445101637
18.4011788368	307	2.15391040608
18.458616972	308	2.49370908651
18.5160348415	309	2.18899574643
18.5743708611	310	2.24551979614
18.6393568516	311	2.15070800826
18.7037229538	312	2.32975759199
18.7608129978	313	2.28467229907
18.8178048134	314	2.35270606432
18.8751239777	315	2.20485159313
18.9319438934	316	2.26405810274
18.9895329475	317	2.40166616803
19.0502979755	318	2.26083271517
19.1071429253	319	2.17342346318
19.1722698212	320	2.25244486103
19.2297768593	321	2.35404161517
19.2869799137	322	2.21708219154
19.3440589905	323	2.25912760656
19.4011669159	324	2.1066893648
19.4586298466	325	1.90247075224
19.5157799721	326	2.18457055604
19.575594902	327	2.31536879961
19.6419138908	328	2.28157369799
19.7040657997	329	2.15457285627
19.7616589069	330	2.30763801689
19.8192839622	331	2.18260923172
19.8767328262	332	2.2452993377
19.9337909222	333	2.67989777133
19.9911158085	334	2.08289635472
20.0514278412	335	2.14853140073
20.1086778641	336	1.83749682619
20.1731469631	337	2.00446548454
20.2298119068	338	2.00775851784
20.2871608734	339	1.79549152721
20.3441767693	340	2.00108016556
20.4016668797	341	2.10339932131
20.459884882	342	2.18673480639
20.5172657967	343	2.0251045355
20.5764939785	344	2.09070022423
20.6412858963	345	2.15887073259
20.706017971	346	2.0834220824
20.7628757954	347	1.82868082937
20.819991827	348	2.01618655939
20.8769199848	349	2.29170986975
20.9336628914	350	1.8483532651
20.9902729988	351	1.90648196012
21.0505208969	352	2.10066584736
21.1069447994	353	2.26749622477
21.1702449322	354	2.22995368125
21.2270128727	355	2.38984835837
21.2834579945	356	2.30333800392
21.3400199413	357	2.27769535829
21.3968529701	358	2.64110617223
21.4538228512	359	2.42988157177
21.5103809834	360	2.04262695888
21.5743370056	361	2.37813315054
21.6384458542	362	2.41075352437
21.7050888538	363	2.11670590581
21.7616009712	364	2.53345318651
21.8181898594	365	2.15082061481
21.8743588924	366	2.44083065102
21.9307169914	367	1.99756488711
21.9871017933	368	2.42685107492
22.0469219685	369	2.13047597257
22.1039888859	370	2.34188812841
22.1682529449	371	2.27336734951
22.224686861	372	2.36988131314
22.281003952	373	2.05526991848
22.3373868465	374	2.32995484556
22.3936169147	375	2.33010517624
22.4505469799	376	2.32916372314
22.5066897869	377	2.56403716839
22.5668678284	378	2.1428052662
22.6266579628	379	2.07327997923
22.6940867901	380	2.43594008233
22.7506258488	381	2.42218936686
22.8073568344	382	1.94060656334
22.8638679981	383	2.66086171846
22.9203538895	384	2.0733461572
22.9764969349	385	2.10965868221
23.0324099064	386	2.05270374984
23.0917949677	387	2.48249868631
23.1583418846	388	2.00295450193
23.2155628204	389	2.12989695202
23.271971941	390	2.30188441627
23.3284277916	391	2.3160065923
23.3846578598	392	2.13905713154
23.4409790039	393	1.98104098241
23.4973649979	394	2.27085681385
23.5578639507	395	2.41053280602
23.6143498421	396	2.0892730392
23.6798739433	397	2.192458458
23.7365968227	398	2.04537802622
23.7929348946	399	2.23526604815
23.8492228985	400	2.02444223153
23.9057648182	401	2.27976975592
23.962225914	402	2.14558252367
24.0189619064	403	1.98043131502
24.0791537762	404	1.99489441463
24.1426739693	405	2.3789750811
24.2088978291	406	2.07446113127
24.2660849094	407	2.05125989394
24.3229928017	408	2.21343652734
24.3792159557	409	1.96743926641
24.4358029366	410	1.88848967132
24.4930138588	411	2.26396405404
24.5530548096	412	2.45703540241
24.6093258858	413	2.30448823379
24.6724998951	414	2.21406213824
24.7285659313	415	2.50519287055
24.7849907875	416	2.16569286345
24.8417627811	417	2.29712314759
24.8983538151	418	2.38919415359
24.9550909996	419	2.34623425335
25.0118010044	420	2.27758310636
25.0724089146	421	1.87711131404
25.1335818768	422	2.22476615994
25.1983089447	423	2.2531473912
25.2548818588	424	1.96205277017
25.311303854	425	2.16704035544
25.3682878017	426	2.34445649229
25.4252738953	427	2.47078272433
25.4819188118	428	2.93913346041
25.5430879593	429	2.29865566369
25.5997748375	430	2.11870494999
25.667028904	431	2.30113439957
25.7236709595	432	2.36795206735
25.7804927826	433	1.88196455103
25.8370399475	434	2.07506364658
25.8936657906	435	1.62317167887
25.9507730007	436	2.0594353101
26.0077838898	437	2.64207939926
26.0682499409	438	1.89501813331
26.1273899078	439	1.87846683063
26.1956989765	440	1.82710713619
26.2525618076	441	2.20056826898
26.3092679977	442	1.7242936697
26.3656628132	443	2.05615358845
26.4223139286	444	2.15224546639
26.480437994	445	2.71689341733
26.5498278141	446	2.15116871843
26.606664896	447	1.97165281878
26.6736009121	448	1.90624877132
26.7305009365	449	2.18935447129
26.7877857685	450	1.99511032631
26.8443567753	451	3.00887805646
26.901350975	452	1.95391970502
26.958398819	453	2.24973040038
27.0156958103	454	2.22826316518
27.0765628815	455	2.50160043806
27.1396207809	456	2.06692817439
27.2009868622	457	2.51122602736
27.2575659752	458	3.09353912482
27.3143248558	459	1.74741554204
27.3711447716	460	2.26200063624
27.4275047779	461	2.19597742851
27.4841887951	462	2.07207193616
27.5451438427	463	2.60791086179
27.6020698547	464	1.88945573273
27.6688408852	465	2.30901234674
27.7255887985	466	1.95707994247
27.7818899155	467	2.18705196911
27.8383028507	468	2.04166025446
27.8949258327	469	2.39250661631
27.9520049095	470	2.27305823338
28.009526968	471	1.92830806767
28.0701699257	472	2.14566014837
28.1299967766	473	2.32762845357
28.1976699829	474	2.37718758994
28.2548828125	475	1.98404064236
28.3118948936	476	2.15370645851
28.3686130047	477	2.17619219887
28.4259150028	478	2.325128811
28.4842939377	479	1.86874200887
28.5412018299	480	1.89232581316
28.601200819	481	1.92877466319
28.6682419777	482	1.98278358504
28.7255327702	483	2.27421932016
28.7827718258	484	1.94001651654
28.8398439884	485	1.94916395113
28.8968319893	486	2.01625373165
28.9535939693	487	2.19274320859
29.0105359554	488	2.0902399736
29.0709769726	489	2.1827506962
29.1290149689	490	2.19293171425
29.1944079399	491	2.11980415307
29.250980854	492	2.18299431743
29.3073368073	493	2.34648721644
29.3636977673	494	2.15969644311
29.4203789234	495	2.46587965003
29.4770767689	496	1.92539721265
29.5346508026	497	2.58039959333
29.5915858746	498	2.27843584833
29.6585659981	499	2.07380632583
29.7164058685	500	2.36212113714
29.7737729549	501	1.65998698708
29.8304259777	502	2.82229938717
29.8876328468	503	1.81963270696
29.9443049431	504	1.79924555057
30.0009758472	505	2.06317794482
30.0609698296	506	1.89894534237
30.1173858643	507	1.85691078241
30.1810789108	508	1.88948267481
30.237336874	509	2.34465009115
30.2941029072	510	1.86262443879
30.3506669998	511	2.09199362111
30.4073848724	512	1.74480340243
30.4642088413	513	2.34830513061
30.5208818913	514	2.40062999526
30.5806109905	515	2.73464275042
30.6418218613	516	2.35882523134
30.7061169147	517	2.01124524049
30.7625849247	518	1.95490287968
30.819092989	519	1.78487687717
30.8753499985	520	1.93384448822
30.9319767952	521	2.28465089846
30.9880998135	522	1.85725117044
31.0445687771	523	1.64086871204
31.1038529873	524	1.68237922212
31.1701347828	525	1.58185234471
31.2266907692	526	1.76880570495
31.2841098309	527	1.98204389442
31.3409018517	528	2.02255770684
31.3979108334	529	2.2414103576
31.4543719292	530	2.03528777225
31.5111169815	531	1.89838668883
31.5805969238	532	1.72108931887
31.6417138577	533	1.7190945374
31.7067759037	534	1.91507962521
31.7638909817	535	1.75132281084
31.8204097748	536	1.72271899218
31.8774268627	537	2.25296982048
31.9339959621	538	2.00707538703
31.9906458855	539	2.13792530844
32.0474119186	540	2.36022043142
32.1073889732	541	2.09275128217
32.1738858223	542	1.6883360655
32.2300138474	543	2.0229574687
32.2861449718	544	2.07805451762
32.3422718048	545	2.02816110571
32.3986289501	546	2.10143845451
32.4557878971	547	2.1826368673
32.5119738579	548	2.10724232911
32.5722808838	549	2.04194918698
32.6289949417	550	2.20183184217
32.6938898563	551	2.19324440817
32.7502138615	552	1.95696378693
32.8065447807	553	1.82209554247
32.8630819321	554	2.19671101981
32.9196619987	555	2.23614138542
32.9761018753	556	2.30096849017
33.0324869156	557	2.01596383769
33.0923497677	558	2.33502760421
33.1563007832	559	1.99726512376
33.2213578224	560	2.36234678171
33.2785217762	561	1.76761015392
33.3352417946	562	1.98328488986
33.3920228481	563	1.9875243521
33.4483168125	564	2.09317385519
33.5050368309	565	2.13286332398
33.5658547878	566	1.96167133619
33.6228659153	567	2.00442773129
33.686798811	568	2.0722456606
33.7439329624	569	2.13913799091
33.800814867	570	2.00554804953
33.8576488495	571	1.97109458656
33.9141068459	572	2.04833192742
33.9710478783	573	2.11739525341
34.0276658535	574	2.10388676858
34.0882029533	575	1.8458308846
34.1507458687	576	2.01883639035
34.2130508423	577	1.94686716278
34.2699639797	578	2.2373714687
34.3265929222	579	2.26594642889
34.3829669952	580	1.86721304825
34.4395649433	581	1.87975835955
34.4964249134	582	1.7153756327
34.5568637848	583	1.90626316159
34.613825798	584	2.3887945899
34.6811518669	585	1.90700005331
34.7381308079	586	1.91731780215
34.7976858616	587	2.03935563545
34.8546278477	588	1.82869568848
34.9117648602	589	2.71468633116
34.968765974	590	2.53378129033
35.0254309177	591	3.08795376415
35.0863349438	592	2.03906116865
35.1477518082	593	2.26574550838
35.2129099369	594	1.99780598462
35.2701737881	595	2.2890853352
35.3273398876	596	2.38446854455
35.3844919205	597	2.17132500455
35.4412899017	598	2.28008550696
35.498267889	599	1.99996562596
35.5594689846	600	2.30397780765
35.6166977882	601	2.11131973024
35.6838169098	602	2.05288583757
35.740516901	603	2.79779225179
35.7974538803	604	2.35260913486
35.8545148373	605	2.04728400331
35.9117498398	606	2.50959714084
35.9689888954	607	2.38875553906
36.0261559486	608	1.7349110726
36.0867819786	609	2.04776652449
36.1482069492	610	2.11419151536
36.2141788006	611	1.75352900215
36.2715477943	612	1.87413589289
36.3284828663	613	1.79028299858
36.3853948116	614	2.12785092912
36.4420518875	615	2.37521403977
36.4990727901	616	2.16463402571
36.5684728622	617	2.3106862121
36.625538826	618	2.01880012213
36.6893279552	619	1.78134567456
36.7462618351	620	2.28459112057
36.8029079437	621	2.1505215724
36.8598849773	622	2.11056254253
36.9166498184	623	2.32966345196
36.9735229015	624	2.08369022733
37.0306658745	625	2.27239931857
37.0925738811	626	2.00525025806
37.1558418274	627	2.07983779753
37.2200789452	628	1.84164487213
37.2772607803	629	1.55412360481
37.3341169357	630	1.64753832799
37.3909099102	631	2.1242048163
37.4479179382	632	1.92241390153
37.5049598217	633	2.19171289362
37.56701684	634	1.60745540586
37.6244688034	635	1.89746194999
37.6901869774	636	1.71747437181
37.7474358082	637	2.01825009705
37.8046569824	638	1.96882560985
37.8617489338	639	1.99933679766
37.9186668396	640	1.75657514774
37.9757549763	641	1.88355890398
38.0329508781	642	1.71233106751
38.093611002	643	1.7938472155
38.1568257809	644	1.86208073386
38.2207269669	645	1.89231358209
38.2778608799	646	1.76992370012
38.3348488808	647	1.75992147416
38.3917169571	648	1.91934957503
38.449420929	649	1.85970703698
38.506387949	650	1.88684362715
38.566934824	651	2.04199965042
38.623267889	652	2.1173885367
38.6897168159	653	2.10666893693
38.7469329834	654	2.01016144435
38.8041739464	655	1.90011907094
38.8608188629	656	1.81296590599
38.9177289009	657	2.18013435339
38.9750349522	658	2.15978748584
39.0320928097	659	1.96455297692
39.0924768448	660	1.91817106398
39.1550009251	661	2.22948638703
39.2177867889	662	1.84024818424
39.2749428749	663	1.82166129785
39.3316287994	664	2.14714107924
39.3890810013	665	1.99964305318
39.4465088844	666	1.87133689724
39.5039489269	667	1.99923702188
39.5655858517	668	2.30673733038
39.6234688759	669	1.9129099549
39.691234827	670	1.85995635861
39.7486457825	671	1.8596422744
39.8058869839	672	2.01224946554
39.8629698753	673	1.87454505536
39.9200928211	674	1.86051922529
39.977096796	675	2.31479692591
40.0340628624	676	1.86923019674
40.0948050022	677	2.01711973818
40.1580469608	678	1.87335961397
40.2220549583	679	2.08616507068
40.2793068886	680	2.28760412818
40.3364369869	681	1.74026349525
40.3936679363	682	2.27092679897
40.4516479969	683	1.94663977966
40.508507967	684	1.93284148567
40.5691018105	685	1.93163223388
40.6268129349	686	1.91494511833
40.6924338341	687	1.83162917067
40.749655962	688	2.0739091173
40.8068048954	689	1.97922406192
40.863986969	690	1.93183555267
40.9211068153	691	1.97596329948
40.9779567719	692	1.99650117485
41.0351519585	693	2.1214225992
41.0961289406	694	1.76428276874
41.1593158245	695	1.87802797577
41.223651886	696	1.75979312424
41.2811529636	697	1.8081330672
41.3384759426	698	1.98676829715
41.3957908154	699	1.95845134775
41.4524209499	700	1.86524838568
41.5090339184	701	1.78467965469
41.5790708065	702	1.81232818699
41.6359407902	703	1.92773935596
41.7007648945	704	1.99131556744
41.7580728531	705	1.90485216761
41.8150148392	706	2.03473040384
41.8723418713	707	1.86334343048
41.9291357994	708	1.89721152473
41.986301899	709	1.69023917105
42.0433528423	710	1.83935408387
42.1051619053	711	1.81309217425
42.1680738926	712	1.93879652862
42.232405901	713	1.90608985238
42.2894368172	714	1.86117140781
42.3466320038	715	1.79456552958
42.4037978649	716	1.71168408262
42.4619889259	717	1.74671614817
42.5188918114	718	1.87425350342
42.5798368454	719	1.8431173052
42.6369638443	720	1.93557943025
42.70221591	721	1.64624187057
42.7592089176	722	1.88643136351
42.8161869049	723	1.71501696938
42.8734078407	724	1.73371148343
42.930439949	725	1.79547603272
42.9876179695	726	1.80599513777
43.0447728634	727	1.724916107
43.1055009365	728	1.78862279572
43.1681568623	729	1.78714794466
43.2315459251	730	1.78862730304
43.2885417938	731	1.62906400929
43.3454008102	732	2.09070212982
43.4028627872	733	1.77786536399
43.4598047733	734	1.94120468593
43.516463995	735	1.84855397622
43.5775568485	736	1.82082466103
43.6347558498	737	1.81815966515
43.7020437717	738	1.83153436144
43.7593719959	739	1.76040284754
43.8167738914	740	1.71415044968
43.873693943	741	1.77017515259
43.9306168556	742	1.9421091773
43.9876279831	743	1.9144896417
44.0446488857	744	1.64364081586
44.1055128574	745	1.94994724234
44.1685168743	746	2.33091338329
44.230411768	747	2.03266697176
44.2877168655	748	1.91878965624
44.3450918198	749	1.85313687493
44.402215004	750	1.82562329106
44.4599328041	751	1.77350102386
44.5172019005	752	1.80901139401
44.577808857	753	1.82529450531
44.6348569393	754	2.03870528784
44.7023768425	755	1.73304967963
44.7599020004	756	1.75277649344
44.8181848526	757	1.73677932503
44.8754038811	758	1.83944793542
44.9326028824	759	1.95432728403
44.9898169041	760	1.88548784246
45.0470957756	761	1.88602685681
45.1079199314	762	1.78617582179
45.1710999012	763	1.95670666556
45.2350318432	764	1.75329940222
45.2924489975	765	2.0603401961
45.3498799801	766	2.10832089303
45.4069738388	767	2.22327418958
45.4640679359	768	1.82688613379
45.521987915	769	1.75330445215
45.5828168392	770	1.76059855605
45.6403198242	771	1.56486253593
45.7058598995	772	1.80756636888
45.7630188465	773	1.90856422414
45.8205678463	774	1.86402326268
45.8777928352	775	1.94081194064
45.9353098869	776	1.8188373263
45.992361784	777	1.69057341399
46.049710989	778	2.1007953032
46.1107039452	779	1.88825259281
46.1749818325	780	1.84001888446
46.2428469658	781	1.88133357265
46.3005769253	782	1.78660909921
46.3577978611	783	1.7244314976
46.415060997	784	1.74508664265
46.4733748436	785	1.82304206295
46.5321998596	786	1.79824870925
46.6117408276	787	1.95394458784
46.6781458855	788	1.72527439315
46.7424039841	789	1.74701668282
46.7998759747	790	1.88093826705
46.8574039936	791	1.68721459442
46.9144399166	792	1.82417818899
46.9720158577	793	1.75882043935
47.0293979645	794	1.74037533851
47.0903759003	795	1.95742790574
47.1477618217	796	1.90123212015
47.2123329639	797	2.35166221051
47.2694108486	798	1.85436706323
47.3265168667	799	1.81728105999
47.383964777	800	1.78103027186
47.4414069653	801	1.90762413445
47.4987077713	802	2.02402153957
47.5563988686	803	1.81218014912
47.6173348427	804	1.61461429894
47.6806550026	805	1.70204780182
47.7448809147	806	1.91161401974
47.8023359776	807	2.22434784541
47.8593399525	808	1.77967010303
47.9164249897	809	2.136707108
47.9737648964	810	1.88745194998
48.030990839	811	1.82741469633
48.0920388699	812	1.85474076944
48.1492209435	813	1.77891109212
48.2142469883	814	1.93227547684
48.2711157799	815	1.82214353575
48.3286478519	816	1.99984308115
48.3858628273	817	1.79394164004
48.4430179596	818	1.81430393
48.5002288818	819	1.8472545144
48.5578949451	820	2.62973743085
48.6187508106	821	1.81357431608
48.6814758778	822	1.88240598208
48.744964838	823	1.73799731192
48.8025598526	824	1.62454320369
48.8599259853	825	1.76965973224
48.9169077873	826	1.69602986909
48.9744119644	827	1.79347251957
49.0313580036	828	1.69007512784
49.0924198627	829	1.74287589672
49.1496119499	830	2.07178582142
49.2152709961	831	1.73306897926
49.2724559307	832	2.18694023113
49.3297338486	833	1.63953451408
49.3866388798	834	1.69027136453
49.4438807964	835	1.78778723819
49.5012168884	836	1.84923180516
49.5588188171	837	1.75308226115
49.6201038361	838	1.75810125874
49.6847789288	839	2.26677212094
49.75157094	840	1.86942930352
49.8088178635	841	1.8053898028
49.8660509586	842	1.77534132844
49.9232029915	843	1.82789966675
49.9805788994	844	1.65589176769
50.0378699303	845	1.86487456888
50.0988647938	846	1.62367652822
50.1559369564	847	1.84233999824
50.2198967934	848	1.83468736761
50.2774307728	849	1.62349906472
50.3346498013	850	1.80392773466
50.3921117783	851	1.78748183993
50.4501898289	852	1.97163278283
50.5073559284	853	2.66485943636
50.5648808479	854	1.81149192018
50.6258308887	855	1.72190040354
50.6905748844	856	1.80006566313
50.7559177876	857	1.89669008462
50.813158989	858	1.88061787551
50.8702838421	859	1.87799557921
50.9274358749	860	1.91656669435
50.9848117828	861	1.98240060826
51.0423018932	862	1.91495743713
51.1037268639	863	1.6168712963
51.1612370014	864	1.69833370404
51.2280609608	865	1.85476016878
51.2852787971	866	2.35689130878
51.342124939	867	1.78108654512
51.399315834	868	1.74709671235
51.4564487934	869	1.81934956714
51.5137398243	870	1.76982150493
51.5722169876	871	1.71702328652
51.6355350018	872	1.66430881588
51.701518774	873	1.73210968056
51.7650239468	874	1.83571650481
51.8224627972	875	1.82597843054
51.8793637753	876	1.73532562988
51.9364857674	877	1.93109752289
51.9933068752	878	1.86297654017
52.0500199795	879	1.75209234775
52.112210989	880	2.18730540576
52.1724648476	881	1.87291137717
52.2403349876	882	1.86683906753
52.2976160049	883	1.86184497526
52.3544659615	884	1.7770062841
52.4114718437	885	1.83015042085
52.4693088531	886	1.90338445005
52.5262629986	887	1.82471647826
52.5832870007	888	1.92954429672
52.6434149742	889	1.90844789141
52.7101027966	890	1.88730623345
52.7672138214	891	1.92228491661
52.8244678974	892	1.81610829761
52.8815968037	893	1.65352751609
52.938770771	894	2.11312849639
52.9960188866	895	1.76782684609
53.0529549122	896	1.81924340272
53.1139428616	897	1.8055708078
53.1741549969	898	1.99448804258
53.2418339252	899	1.79019058564
53.2991828918	900	1.86621948518
53.3567819595	901	1.66379525119
53.4137439728	902	1.60757047937
53.4708499908	903	1.76597608911
53.5285968781	904	1.62943318283
53.5860497952	905	1.78283742449
53.645734787	906	1.73366023027
53.7129039764	907	1.71285414396
53.7698469162	908	1.83341221675
53.8273389339	909	1.63363371082
53.8847699165	910	1.6865045279
53.9418079853	911	1.54236179441
53.9989039898	912	1.68589054864
54.0562868118	913	1.9419312048
54.1173567772	914	1.58703105696
54.1777079105	915	1.79185991939
54.2450129986	916	1.61294586332
54.3025548458	917	1.53709826816
54.3597729206	918	1.92231034319
54.4164998531	919	1.7251909456
54.4742097855	920	1.84976933542
54.5315377712	921	1.92435566862
54.5920259953	922	1.86720628733
54.6489858627	923	1.90805156573
54.7159569263	924	1.73078131985
54.7732229233	925	1.70562009895
54.8335487843	926	1.71771125607
54.8904678822	927	1.96053599983
54.9473049641	928	1.97426204769
55.0042419434	929	1.95112802721
55.0609707832	930	2.16108850451
55.1214909554	931	1.94213955883
55.1822049618	932	1.87686680072
55.2493958473	933	1.89426816639
55.3068108559	934	1.81360662411
55.3639569283	935	2.16310099893
55.4210679531	936	1.80696859684
55.4780569077	937	1.99450337142
55.5358259678	938	2.03851572847
55.5968677998	939	1.70277104722
55.6540589333	940	1.98787068416
55.7212789059	941	1.72429666332
55.7782878876	942	1.78913410604
55.8350508213	943	1.86584662956
55.8916418552	944	1.92637262283
55.9479908943	945	1.6394197074
56.0048658848	946	1.81868217665
56.0619208813	947	1.73795679667
56.1227200031	948	1.9705793048
56.183316946	949	2.01158391027
56.2509579659	950	1.74033081308
56.3080267906	951	1.59363739663
56.3649289608	952	2.01605808514
56.4218068123	953	1.72507150505
56.4796488285	954	1.77434909503
56.5376207829	955	1.63843122578
56.6059088707	956	1.67994834359
56.6630129814	957	1.67689457982
56.7270448208	958	1.73050015375
56.7840168476	959	2.08614983115
56.8413388729	960	1.81448662198
56.8983199596	961	2.10146461653
56.9555568695	962	2.30381947689
57.0127158165	963	1.81888422828
57.0701808929	964	2.04907131605
57.132037878	965	1.75072012965
57.196117878	966	1.91093667169
57.2628347874	967	1.816091052
57.3201599121	968	2.0637818676
57.3778719902	969	2.03425471382
57.4351799488	970	2.35637264427
57.4928729534	971	2.11084379514
57.5504748821	972	1.87720069741
57.6115169525	973	1.85383261655
57.6681058407	974	1.76560849822
57.7328028679	975	2.06738558405
57.7894179821	976	2.409517211
57.8463227749	977	1.75374459805
57.9031908512	978	1.84825247402
57.9601669312	979	1.61424064636
58.0167369843	980	1.97822711769
58.0733528137	981	1.71353276337
58.1336379051	982	2.070811937
58.1971728802	983	1.84917666895
58.2635729313	984	1.88565459915
58.3206088543	985	1.79631455454
58.3774027824	986	2.046945248
58.4344809055	987	1.8820516093
58.4917809963	988	1.75363372123
58.5483238697	989	1.77568853722
58.6090829372	990	2.13755380585
58.6656258106	991	1.88915892169
58.729516983	992	1.867388859
58.7870028019	993	1.71702443616
58.8440659046	994	1.64716614915
58.9012408257	995	1.838239835
58.9581439495	996	1.70267868974
59.0148267746	997	1.97779251714
59.0713398457	998	1.62088356307
59.1317949295	999	1.77388423225
